45 0 1 0 1 1 0
45 0.002 5.596 0.3835 10.959 5.9795 0.012
45 0.004 22.886 3.5035 51.779 26.3895 0.013
45 0.006 74.4765 18.6435 185.24 93.12 0.026
45 0.008 183.511 67.7165 501.455 251.227 0.0385
45 0.01 366.277 185.779 1103.11 552.056 0.0375
45 0.012 622.583 416.565 2077.3 1039.15 0.0525
45 0.014 942.726 815.951 3516.35 1758.68 0.0555
45 0.016 1288.18 1374.93 5325.21 2663.1 0.044
45 0.018 1601.62 2060.18 7322.6 3661.8 0.067
45 0.02 1918.28 2887.94 9611.44 4806.22 0.0655
45 0.022 2204.34 3829.11 12065.9 6033.46 0.0775
45 0.024 2459.08 4823.65 14564.5 7282.74 0.084
45 0.026 2657.29 5736.58 16786.7 8393.87 0.09
45 0.028 2950.41 7049.75 19999.3 10000.2 0.0805
45 0.03 3142.93 8142.54 22569.9 11285.5 0.085
45 0.032 3259.56 9092.65 24703.4 12352.2 0.1
45 0.034 3397.59 10093.3 26980.9 13490.9 0.104
45 0.036 3529.53 11148.8 29355.6 14678.3 0.1115
45 0.038 3693.38 12290.6 31967 15984 0.1055
45 0.04 3834.15 13451.2 34569.6 17285.3 0.105
45 0.042 3897.92 14248.7 36292.3 18146.6 0.1125
45 0.044 4039.87 15417 38912.7 19456.9 0.1035
45 0.046 4054.02 16068.2 40243.5 20122.3 0.118
45 0.048 4022.18 16478.6 41000.6 20500.8 0.14
45 0.05 4187.89 17809.8 43994.3 21997.6 0.126
48 0 0.998 0.002 1 1 0.002
48 0.002 5.663 0.4315 11.189 6.0945 0.012
48 0.004 23.544 3.8905 53.869 27.4345 0.0245
48 0.006 69.932 18.4445 175.753 88.3765 0.04
48 0.008 177.008 67.7455 488.507 244.754 0.035
48 0.01 337.964 175.728 1026.38 513.692 0.056
48 0.012 582.626 402.651 1969.55 985.277 0.048
48 0.014 835.943 730.073 3131.03 1566.02 0.06
48 0.016 1128.58 1216.98 4690.12 2345.56 0.075
48 0.018 1405.38 1802.19 6414.15 3207.58 0.071
48 0.02 1665.45 2506.4 8342.7 4171.85 0.0875
48 0.022 1949.38 3387.97 10673.7 5337.34 0.0835
48 0.024 2185.46 4279.72 12929.4 6465.18 0.083
48 0.026 2336.29 5055.69 14782.9 7391.97 0.1
48 0.028 2493.04 5893.77 16772.6 8386.81 0.106
48 0.03 2698.06 6916.17 19227.5 9614.23 0.094
48 0.032 2767.6 7654.23 20842.7 10421.8 0.1195
48 0.034 2872.77 8446.39 22637.3 11319.2 0.1235
48 0.036 2977.17 9306.72 24566.8 12283.9 0.1315
48 0.038 3139.7 10391.9 27062.1 13531.6 0.12
48 0.04 3184.19 11082.9 28533.1 14267.1 0.1315
48 0.042 3234.03 11723.5 29914.1 14957.5 0.1365
48 0.044 3307.75 12508.5 31631.5 15816.3 0.137
48 0.046 3356.62 13157.9 33028.1 16514.5 0.141
48 0.048 3434.17 13985.9 34839.2 17420.1 0.136
48 0.05 3432.9 14403.5 35671.8 17836.4 0.148
51 0 0.9995 0.0005 1 1 0.0005
51 0.002 5.721 0.4375 11.317 6.1585 0.018
51 0.004 23.0565 3.869 52.851 26.9255 0.02
51 0.006 67.981 18.661 172.284 86.642 0.033
51 0.008 163.392 64.97 455.723 228.362 0.0465
51 0.01 309.942 166.308 951.499 476.25 0.05
51 0.012 505.79 352.086 1714.75 857.875 0.071
51 0.014 742.513 651.813 2787.65 1394.33 0.0725
51 0.016 983.923 1064.66 4096.16 2048.58 0.087
51 0.018 1253.75 1637.94 5782.39 2891.7 0.0895
51 0.02 1474.24 2228.65 7404.8 3702.9 0.0995
51 0.022 1664.4 2878.52 9084.83 4542.92 0.11
51 0.024 1853.01 3582.94 10870.9 5435.95 0.101
51 0.026 2017.89 4345.92 12726.6 6363.82 0.1165
51 0.028 2165.65 5097.07 14524.4 7262.72 0.111
51 0.03 2294.19 5854.4 16296.2 8148.59 0.115
51 0.032 2367.92 6499.12 17733.1 8867.04 0.131
51 0.034 2461.94 7173.78 19270.5 9635.73 0.13
51 0.036 2527.6 7817.85 20689.9 10345.4 0.142
51 0.038 2642.87 8672.36 22629.5 11315.2 0.133
51 0.04 2661.72 9161.87 23646.2 11823.6 0.1495
51 0.042 2657.52 9567.94 24449.9 12225.5 0.1725
51 0.044 2740.94 10303.6 26088.1 13044.5 0.1585
51 0.046 2738.64 10650.5 26777.3 13389.2 0.1675
51 0.048 2796.8 11297.7 28188.1 14094.5 0.168
51 0.05 2745.56 11438.6 28367.4 14184.2 0.1905
54 0 0.999 0.001 1 1 0.001
54 0.002 5.625 0.465 11.18 6.09 0.011
54 0.004 21.5055 3.8345 49.68 25.34 0.024
54 0.006 66.786 19.8165 172.205 86.6025 0.0355
54 0.008 155.728 63.7375 437.931 219.465 0.0445
54 0.01 291.684 164.256 910.879 455.94 0.056
54 0.012 463.809 335.68 1597.98 799.49 0.0795
54 0.014 659.02 594.197 2505.43 1253.22 0.0855
54 0.016 883.39 963.755 3693.29 1847.15 0.082
54 0.018 1083.5 1414.95 4995.91 2498.46 0.1
54 0.02 1250.68 1896.67 6293.69 3147.35 0.121
54 0.022 1445.1 2496.5 7882.2 3941.6 0.114
54 0.024 1604.92 3131.71 9472.26 4736.63 0.122
54 0.026 1746.91 3759.81 11012.4 5506.72 0.123
54 0.028 1863.57 4397.34 12520.8 6260.91 0.126
54 0.03 1899.28 4821.96 13441.5 6721.24 0.1535
54 0.032 2006.46 5460.6 14933.1 7467.06 0.1395
54 0.034 2091.31 6082.61 16346.8 8173.91 0.1465
54 0.036 2134.32 6573.91 17415.5 8708.24 0.151
54 0.038 2165.24 7042.47 18414.4 9207.71 0.162
54 0.04 2181.37 7440.78 19243.3 9622.14 0.178
54 0.042 2203.97 7845.57 20098.1 10049.5 0.1795
54 0.044 2236.8 8281.76 21036.1 10518.6 0.18
54 0.046 2258.24 8724.65 21964.8 10982.9 0.18
54 0.048 2283.76 9148.42 22863.4 11432.2 0.181
54 0.05 2240.39 9261.29 23002.4 11501.7 0.2025
57 0 1 0 1 1 0
57 0.002 5.7425 0.4875 11.46 6.23 0.0105
57 0.004 22.3685 4.296 52.329 26.6645 0.031
57 0.006 60.851 18.6945 158.091 79.5455 0.0545
57 0.008 141.155 60.431 402.173 201.587 0.05
57 0.01 264.578 152.1 832.356 416.678 0.0645
57 0.012 408.455 302.464 1420.84 710.919 0.0915
57 0.014 580.006 535.58 2230.17 1115.59 0.092
57 0.016 779.659 875.77 3309.86 1655.43 0.0935
57 0.018 932.287 1235.12 4333.82 2167.41 0.1185
57 0.02 1106.6 1689.48 5591.15 2796.07 0.109
57 0.022 1238.6 2145.17 6766.55 3383.77 0.1305
57 0.024 1351.37 2619.88 7941.49 3971.24 0.131
57 0.026 1474.4 3165.95 9279.69 4640.34 0.1385
57 0.028 1559.37 3654.06 10425.9 5213.43 0.1425
57 0.03 1596.17 4030.99 11253.3 5627.16 0.1595
57 0.032 1666.7 4512.52 12357.5 6179.23 0.1575
57 0.034 1689.75 4879.17 13136.8 6568.92 0.184
57 0.036 1731.4 5295.12 14052 7026.52 0.185
57 0.038 1772.77 5712.7 14970 7485.48 0.1755
57 0.04 1786.43 6064.11 15700.1 7850.54 0.1875
57 0.042 1837.65 6524.26 16722.8 8361.92 0.1845
57 0.044 1800.65 6631.68 16863.6 8432.32 0.1965
57 0.046 1836.48 7047.03 17766 8883.51 0.1965
57 0.048 1782.17 7105.89 17775.1 8888.06 0.225
57 0.05 1812.83 7443.65 18512 9256.48 0.2095
60 0 0.9995 0.0005 1 1 0.0005
60 0.002 5.556 0.5195 11.151 6.0755 0.0205
60 0.004 21.1045 4.3625 49.934 25.467 0.033
60 0.006 57.9785 18.4 151.757 76.3785 0.05
60 0.008 129.49 57.672 373.325 187.162 0.063
60 0.01 237.477 141.833 757.62 379.31 0.0685
60 0.012 378.478 291.363 1338.68 669.841 0.114
60 0.014 522.044 495.192 2033.47 1017.24 0.1025
60 0.016 673.259 765.918 2877.35 1439.18 0.1065
60 0.018 831.588 1115.07 3892.32 1946.66 0.11
60 0.02 931.674 1430.36 4723.07 2362.04 0.1365
60 0.022 1028.72 1791.66 5639.76 2820.38 0.157
60 0.024 1157.28 2252.98 6819.52 3410.26 0.1355
60 0.026 1225.19 2634.41 7718.19 3859.59 0.1546
60 0.028 1287.77 3051.09 8676.72 4338.86 0.17756
60 0.03 1321.76 3346.32 9335.15 4668.07 0.1786
60 0.032 1368.65 3719.15 10174.6 5087.8 0.18456
60 0.034 1395.57 4059.55 10909.2 5455.12 0.1976
60 0.036 1414.61 4320.7 11469.6 5735.31 0.1946
60 0.038 1425.89 4624.52 12099.8 6050.41 0.21556
60 0.04 1444.77 4873.66 12635.8 6318.42 0.2
60 0.042 1433.56 5078.39 13022.9 6511.95 0.2255
60 0.044 1408.94 5212.18 13241.2 6621.12 0.242
60 0.046 1429.74 5519.92 13898.3 6949.66 0.23
60 0.048 1435.03 5734.51 14338.1 7169.53 0.2345
60 0.05 1434.01 5897.4 14661.8 7331.4 0.228
63 0 1 0 1 1 0
63 0.002 5.591 0.554 11.29 6.145 0.0165
63 0.004 20.1675 4.172 47.679 24.3395 0.0375
63 0.006 56.4565 18.52 148.953 74.9765 0.058
63 0.008 116.6 53.954 340.107 170.554 0.0785
63 0.01 217.631 135.409 705.078 353.039 0.086
63 0.012 323.911 254.773 1156.37 578.683 0.1055
63 0.014 466.192 455.777 1842.94 921.969 0.106
63 0.016 577.218 666.188 2485.81 1243.41 0.1255
63 0.018 699.186 953.258 3303.89 1652.44 0.137
63 0.02 804.477 1270.2 4148.35 2074.68 0.151
63 0.022 918.477 1623.7 5083.35 2542.18 0.1335
63 0.024 970.37 1910.09 5759.93 2880.46 0.1575
63 0.026 1041.8 2265.59 6613.78 3307.39 0.1585
63 0.028 1058.83 2496.94 7110.54 3555.77 0.1815
63 0.03 1084.06 2768.08 7703.27 3852.14 0.2035
63 0.032 1140.18 3098.06 8475.48 4238.24 0.194
63 0.034 1144.81 3309.54 8907.68 4454.34 0.198
63 0.036 1154.18 3553.16 9413.68 4707.34 0.2165
63 0.038 1158.78 3759.53 9835.6 4918.3 0.2225
63 0.04 1126.61 3813.75 9879.72 4940.36 0.24
63 0.042 1149.64 4086.03 10470.3 5235.67 0.2275
63 0.044 1105.71 4078.11 10366.6 5183.82 0.2595
63 0.046 1140.1 4365.49 11010.2 5505.59 0.2315
63 0.048 1067.99 4264.21 10663.4 5332.19 0.2745
63 0.05 1071.56 4419.02 10980.2 5490.58 0.2735
66 0 1 0 1 1 0
66 0.002 5.5715 0.5325 11.208 6.104 0.019
66 0.004 20.062 4.3415 47.807 24.4035 0.037
66 0.006 52.8525 18.1405 140.986 70.993 0.06
66 0.008 112.004 54.728 332.463 166.732 0.075
66 0.01 188.046 120.009 615.11 308.055 0.093
66 0.012 297.259 243.714 1080.95 540.973 0.109
66 0.014 403.812 403.87 1614.36 807.682 0.1085
66 0.016 513.439 606.734 2239.35 1120.17 0.1235
66 0.018 593.257 824.161 2833.84 1417.42 0.1465
66 0.02 676.877 1077.69 3508.14 1754.57 0.163
66 0.022 752.345 1347.37 4198.42 2099.71 0.172
66 0.024 810.75 1610.98 4842.45 2421.73 0.181
66 0.026 848.596 1854.07 5404.33 2702.66 0.19
66 0.028 884.281 2115.23 5998.01 2999.51 0.1985
66 0.03 897.137 2303.69 6400.66 3200.83 0.208
66 0.032 910.579 2513.33 6846.83 3423.91 0.223
66 0.034 890.817 2608.63 6997.9 3499.45 0.243
66 0.036 905.926 2820.02 7450.89 3725.94 0.2495
66 0.038 886.831 2897.85 7568.36 3784.68 0.2585
66 0.04 912.522 3135.24 8094.52 4047.76 0.244
66 0.042 864.017 3087.68 7902.39 3951.7 0.2725
66 0.044 845.187 3160.97 8011.3 4006.15 0.29
66 0.046 837.24 3263.26 8200 4100.5 0.288
66 0.048 821.732 3304.9 8252.26 4126.63 0.288
66 0.05 753.688 3123.94 7754.26 3877.63 0.311
69 0 1 0 1 1 0
69 0.002 5.4265 0.509 10.871 5.9355 0.0195
69 0.004 19.05 4.402 45.904 23.452 0.05
69 0.006 48.229 17.794 131.046 66.023 0.065
69 0.008 102.764 53.1475 310.823 155.911 0.0855
69 0.01 171.139 113.859 568.997 284.998 0.109
69 0.012 259.358 218.903 955.522 478.261 0.1215
69 0.014 347.81 357.401 1409.42 705.211 0.132
69 0.016 432.142 529.742 1922.77 961.884 0.1495
69 0.018 510.291 729.252 2478.09 1239.54 0.1675
69 0.02 567.022 916.101 2965.24 1483.12 0.1785
69 0.022 615.6 1118.91 3468.03 1734.51 0.202
69 0.024 678.938 1381.46 4119.8 2060.4 0.191
69 0.026 706.008 1564.41 4539.84 2270.42 0.1975
69 0.028 694.664 1680.33 4748.99 2374.99 0.2355
69 0.03 722.014 1879.98 5203 2602 0.231
69 0.032 727.571 2018.42 5490.98 2745.99 0.2405
69 0.034 714.403 2125.65 5679.1 2840.05 0.259
69 0.036 699.184 2210.39 5818.14 2909.57 0.2735
69 0.038 699.992 2316.51 6032.01 3016.51 0.274
69 0.04 657.837 2305.4 5925.48 2963.24 0.296
69 0.042 658.062 2400.97 6117.07 3059.04 0.293
69 0.044 635.17 2410.76 6090.86 3045.93 0.306
69 0.046 594.602 2358.17 5904.53 2952.77 0.3265
69 0.048 580.152 2395.54 5950.38 2975.69 0.325
69 0.05 572.923 2466.72 6078.3 3039.65 0.326
72 0 1 0 1 1 0
72 0.002 5.479 0.541 11.04 6.02 0.02
72 0.004 18.1635 4.372 44.071 22.5355 0.0535
72 0.006 46.935 17.845 128.56 64.78 0.073
72 0.008 91.4215 48.7515 279.346 140.173 0.089
72 0.01 155.822 108.754 528.152 264.576 0.11
72 0.012 228.326 201.668 858.988 429.994 0.143
72 0.014 303.405 322.156 1250.12 625.561 0.139
72 0.016 365.34 464.459 1658.6 829.798 0.1695
72 0.018 430.993 631.654 2124.29 1062.65 0.181
72 0.02 480.611 799.035 2558.29 1279.65 0.1905
72 0.022 523.22 973.31 2992.06 1496.53 0.193
72 0.024 547.511 1135.48 3364.99 1682.99 0.2115
72 0.026 563.71 1283.55 3693.52 1847.26 0.2215
72 0.028 565.414 1397.5 3924.84 1962.92 0.247
72 0.03 578.388 1544.71 4245.19 2123.1 0.2495
72 0.032 552.502 1573.52 4251.04 2126.02 0.2815
72 0.034 541.049 1650.42 4381.94 2191.47 0.295
72 0.036 536.933 1727.92 4528.71 2264.86 0.2915
72 0.038 527.422 1789.04 4631.93 2316.46 0.2945
72 0.04 531.782 1908.94 4880.44 2440.72 0.2835
72 0.042 469.924 1770.22 4479.28 2240.14 0.33
72 0.044 471.226 1865.23 4671.91 2336.45 0.3275
72 0.046 435.116 1785.1 4439.42 2220.21 0.332
72 0.048 391.637 1677.69 4137.66 2069.33 0.377
72 0.05 386.981 1737.33 4247.62 2124.31 0.3595
75 0 0.9995 0.0005 1 1 0.0005
75 0.002 5.2485 0.5765 10.65 5.825 0.0245
75 0.004 17.7175 4.5335 43.502 22.251 0.0495
75 0.006 43.949 17.57 122.038 61.519 0.0775
75 0.008 88.619 49.9205 276.079 138.54 0.097
75 0.01 143.358 104.935 495.586 248.293 0.127
75 0.012 205.913 187.656 786.14 393.57 0.139
75 0.014 269.644 298.159 1134.6 567.802 0.1535
75 0.016 322.788 423.632 1491.84 746.419 0.186
75 0.018 381.183 577.023 1915.41 958.205 0.1685
75 0.02 413.967 717.09 2261.11 1131.06 0.2025
75 0.022 427.793 823.04 2500.67 1250.83 0.2155
75 0.024 445.8 956.882 2804.36 1402.68 0.234
75 0.026 455.448 1067.17 3044.24 1522.62 0.2545
75 0.028 449.923 1147.57 3193.99 1597.49 0.263
75 0.03 456.099 1264.98 3441.15 1721.08 0.269
75 0.032 433.687 1274.98 3416.34 1708.67 0.298
75 0.034 428.185 1347.84 3551.05 1776.02 0.3025
75 0.036 402.05 1333.6 3470.3 1735.65 0.3245
75 0.038 393.56 1395.59 3577.29 1789.15 0.323
75 0.04 380.869 1424.41 3609.57 1805.28 0.3205
75 0.042 331.82 1298.55 3259.74 1630.37 0.3685
75 0.044 328.956 1351.18 3359.27 1680.14 0.355
75 0.046 299.387 1299.37 3196.51 1598.75 0.3735
75 0.048 265.663 1207.41 2945.16 1473.08 0.403
75 0.05 253.585 1200.94 2908.05 1454.53 0.414
78 0 1 0 1 1 0
78 0.002 5.263 0.647 10.82 5.91 0.0275
78 0.004 17.2585 4.738 42.993 21.9965 0.06
78 0.006 42.102 17.8245 118.853 59.9265 0.077
78 0.008 78.395 45.5095 246.809 123.904 0.1175
78 0.01 131.357 100.007 461.728 231.364 0.13
78 0.012 182.489 172.98 709.938 355.469 0.155
78 0.014 227.996 262.287 979.567 490.284 0.1765
78 0.016 276.476 373.395 1298.74 649.87 0.195
78 0.018 313.585 490.127 1606.42 803.712 0.201
78 0.02 338.116 605.977 1887.19 944.094 0.222
78 0.022 347.09 685.032 2063.24 1032.12 0.236
78 0.024 366.611 808.566 2349.35 1175.18 0.2395
78 0.026 362.613 877.947 2480.12 1240.56 0.27
78 0.028 365.661 968.121 2666.56 1333.78 0.2765
78 0.03 342.5 975.433 2634.87 1317.93 0.302
78 0.032 337.784 1028.55 2731.66 1366.33 0.3055
78 0.034 312.245 1030.9 2685.3 1343.15 0.338
78 0.036 300.233 1034.44 2668.34 1334.67 0.3375
78 0.038 278.707 1036.23 2628.88 1314.94 0.36
78 0.04 258.174 1012.51 2540.36 1270.68 0.37
78 0.042 238.921 990.962 2458.76 1229.88 0.3825
78 0.044 224.892 985.482 2419.75 1210.37 0.382
78 0.046 201.008 935.604 2272.22 1136.61 0.4115
78 0.048 176.534 859.87 2071.81 1036.4 0.4375
78 0.05 159.94 826.65 1972.18 986.591 0.4435
81 0 1 0 1 1 0
81 0.002 5.045 0.5935 10.277 5.6385 0.0235
81 0.004 17.1255 4.712 42.675 21.8375 0.062
81 0.006 40.242 17.7715 115.027 58.0135 0.094
81 0.008 75.4475 46.265 242.425 121.713 0.1145
81 0.01 116.42 93.137 418.114 209.557 0.147
81 0.012 160.382 158.295 636.355 318.678 0.153
81 0.014 202.405 241.597 887.005 444.002 0.169
81 0.016 242.612 342.986 1170.19 585.597 0.179
81 0.018 256.723 418.149 1348.74 674.872 0.24
81 0.02 280.685 519.909 1600.19 800.594 0.2315
81 0.022 287.419 594.919 1763.68 882.338 0.2495
81 0.024 278.07 633.803 1822.75 911.874 0.273
81 0.026 280.476 706.457 1972.86 986.932 0.299
81 0.028 263.702 720.949 1968.3 984.65 0.333
81 0.03 262.839 781.268 2087.21 1044.11 0.314
81 0.032 254.554 819.24 2146.59 1073.79 0.3375
81 0.034 234.74 808.401 2085.28 1043.14 0.3515
81 0.036 206.72 762.182 1936.8 968.901 0.3725
81 0.038 199.869 788.13 1975 987.999 0.381
81 0.04 177.654 742.658 1839.62 920.311 0.402
81 0.042 167.454 753.042 1839.99 920.496 0.394
81 0.044 139.506 673.44 1624.89 812.946 0.438
81 0.046 126.898 648.051 1548.9 774.949 0.473
81 0.048 114.614 617.789 1463.81 732.403 0.467
81 0.05 102.532 589.926 1383.92 692.458 0.484
84 0 1 0 1 1 0
84 0.002 5.079 0.608 10.374 5.687 0.0265
84 0.004 16.425 4.7615 41.373 21.1865 0.0595
84 0.006 37.916 17.8515 110.535 55.7675 0.096
84 0.008 68.746 43.6015 223.695 112.347 0.1245
84 0.01 103.715 85.4295 377.288 189.144 0.146
84 0.012 137.823 142.786 560.218 280.609 0.1755
84 0.014 172.633 215.228 774.724 387.862 0.18
84 0.016 198.026 290.456 975.965 488.483 0.2315
84 0.018 217.875 369.749 1174.25 587.624 0.225
84 0.02 224.981 433.788 1316.54 658.769 0.269
84 0.022 235.029 506.018 1481.09 741.047 0.271
84 0.024 228.558 546.185 1548.48 774.742 0.284
84 0.026 213.833 561.746 1550.16 775.579 0.333
84 0.028 212.972 623.782 1672.51 836.754 0.3185
84 0.03 194.77 609.452 1607.44 804.221 0.343
84 0.032 183.708 624.631 1615.68 808.338 0.3535
84 0.034 167.115 614.197 1561.62 781.312 0.382
84 0.036 149.918 597.605 1494.05 747.523 0.4045
84 0.038 139.592 593.009 1464.2 732.601 0.397
84 0.04 116.788 533.985 1300.55 650.774 0.459
84 0.042 105.935 521.558 1253.98 627.492 0.458
84 0.044 90.881 479.52 1139.8 570.401 0.47
84 0.046 77.441 435.565 1025.01 513.006 0.499
84 0.048 63.5335 389.203 904.473 452.736 0.5375
84 0.05 56.8185 371.991 856.62 428.81 0.544
87 0 1 0 1 1 0
87 0.002 5.1205 0.6945 10.63 5.815 0.0335
87 0.004 16.028 4.7025 40.461 20.7305 0.0735
87 0.006 35.0475 16.942 102.979 51.9895 0.108
87 0.008 60.327 40.333 200.32 100.66 0.1355
87 0.01 97.269 85.1155 363.769 182.385 0.1505
87 0.012 125.948 137.388 525.674 263.337 0.182
87 0.014 148.982 195.544 688.051 344.526 0.2055
87 0.016 162.827 250.397 825.447 413.224 0.2415
87 0.018 183.368 326.326 1018.39 509.693 0.248
87 0.02 181.421 367.816 1097.47 549.236 0.278
87 0.022 182.084 412.245 1187.66 594.329 0.295
87 0.024 179.288 452.125 1261.83 631.414 0.312
87 0.026 163.754 461.465 1249.44 625.219 0.342
87 0.028 155.443 480.102 1270.09 635.545 0.3555
87 0.03 142.457 480.387 1244.69 622.843 0.368
87 0.032 131.708 481.326 1225.07 613.034 0.39
87 0.034 113.273 451.539 1128.62 564.812 0.419
87 0.036 99.4385 428.971 1055.82 528.409 0.4515
87 0.038 87.8725 410.697 996.139 498.57 0.4715
87 0.04 74.2565 383.38 914.272 457.636 0.4815
87 0.042 63.18 352.096 829.553 415.276 0.506
87 0.044 54.9275 331.115 771.084 386.042 0.5355
87 0.046 45.4465 299.353 688.599 344.8 0.5555
87 0.048 36.6505 261.649 595.598 298.299 0.583
87 0.05 32.622 251.256 566.757 283.878 0.5855
90 0 1 0 1 1 0
90 0.002 5.142 0.679 10.642 5.821 0.029
90 0.004 14.9515 4.889 38.681 19.8405 0.0795
90 0.006 33.5685 16.7735 99.684 50.342 0.11
90 0.008 55.4975 39.166 188.327 94.6635 0.1445
90 0.01 84.017 76.02 319.074 160.037 0.1675
90 0.012 107.524 122.204 458.456 229.728 0.204
90 0.014 126.178 173.349 598.053 299.526 0.2195
90 0.016 144.366 235.171 758.074 379.537 0.237
90 0.018 144.184 269.932 827.231 414.115 0.277
90 0.02 145.294 309.375 908.34 454.67 0.2905
90 0.022 139.519 335.562 949.161 475.08 0.305
90 0.024 138.852 377.338 1031.38 516.191 0.334
90 0.026 123.016 370.683 986.398 493.699 0.3625
90 0.028 115.488 383.113 996.202 498.601 0.3835
90 0.03 102.361 374.04 951.802 476.401 0.4085
90 0.032 91.0705 367.411 915.963 458.481 0.424
90 0.034 73.624 328.07 802.387 401.693 0.4595
90 0.036 64.2705 310.333 748.207 374.603 0.474
90 0.038 53.142 286.798 678.879 339.94 0.5115
90 0.04 45.6265 266.264 622.781 311.89 0.5345
90 0.042 36.2655 234.883 541.298 271.149 0.566
90 0.044 29.6255 210.419 479.09 240.045 0.593
90 0.046 24.287 190.374 428.321 214.661 0.631
90 0.048 18.779 164.5 365.559 183.28 0.647
90 0.05 15.6105 150.89 332.001 166.5 0.6775
93 0 1 0 1 1 0
93 0.002 5.043 0.752 10.59 5.795 0.034
93 0.004 15.131 5.2205 39.703 20.3515 0.071
93 0.006 30.3365 16.492 92.657 46.8285 0.1135
93 0.008 51.43 38.597 179.054 90.027 0.1625
93 0.01 69.8005 68.858 276.317 138.659 0.183
93 0.012 90.383 111.352 402.469 201.734 0.203
93 0.014 104.773 154.711 517.968 259.484 0.224
93 0.016 106.975 185.889 584.73 292.865 0.27
93 0.018 108.931 218.72 654.301 327.651 0.2925
93 0.02 110.421 257.414 734.67 367.835 0.292
93 0.022 101.888 271.49 745.756 373.378 0.3365
93 0.024 91.252 270.266 722.036 361.518 0.379
93 0.026 78.6405 265.325 686.931 343.966 0.41
93 0.028 69.1745 261.382 660.113 330.557 0.4255
93 0.03 60.2945 250.382 620.353 310.676 0.4615
93 0.032 49.877 236.341 571.436 286.218 0.4845
93 0.034 40.3975 211.037 501.869 251.435 0.5315
93 0.036 33.1495 193.838 452.974 226.987 0.5485
93 0.038 25.5205 170.683 391.406 196.203 0.59
93 0.04 21.2215 156.262 353.966 177.483 0.6085
93 0.042 15.9355 135.12 301.111 151.055 0.66
93 0.044 12.851 124.918 274.537 137.768 0.6615
93 0.046 9.458 105.723 229.362 115.181 0.7075
93 0.048 7.0075 91 195.015 98.0075 0.75
93 0.05 5.41 79.7505 169.321 85.1605 0.781
96 0 1 0 1 1 0
96 0.002 4.8475 0.7885 10.272 5.636 0.0355
96 0.004 13.4875 4.817 35.609 18.3045 0.0845
96 0.006 29.405 16.6475 91.105 46.0525 0.124
96 0.008 47.149 37.199 167.696 84.348 0.1465
96 0.01 64.7275 67.2115 262.878 131.939 0.192
96 0.012 78.4195 100.927 357.693 179.346 0.22
96 0.014 85.4715 132.589 435.121 218.06 0.2725
96 0.016 91.9925 169.296 521.576 261.288 0.2815
96 0.018 86.911 188.482 549.785 275.392 0.317
96 0.02 86.0085 214.958 600.934 300.967 0.3405
96 0.022 76.561 217.489 587.101 294.05 0.3705
96 0.024 67.2595 218.138 569.795 285.397 0.418
96 0.026 58.775 213.517 543.584 272.292 0.442
96 0.028 50.11 205.119 509.458 255.229 0.4675
96 0.03 39.982 186.513 451.99 226.495 0.506
96 0.032 33.3315 178.009 421.681 211.34 0.5455
96 0.034 26.185 157.111 365.591 183.296 0.57
96 0.036 20.758 141.416 323.348 162.174 0.5965
96 0.038 16.0955 124.966 281.122 141.061 0.6345
96 0.04 12.2055 110.218 243.846 122.423 0.6825
96 0.042 9.5855 98.935 216.041 108.52 0.714
96 0.044 6.9455 83.5635 180.018 90.509 0.743
96 0.046 5.2015 75.043 159.489 80.2445 0.7605
96 0.048 3.6185 62.588 131.413 66.2065 0.805
96 0.05 2.428 52.54 108.936 54.968 0.8445
99 0 1 0 1 1 0
99 0.002 4.6775 0.7695 9.894 5.447 0.048
99 0.004 13.6565 5.245 36.803 18.9015 0.087
99 0.006 25.9835 16.1505 83.268 42.134 0.1255
99 0.008 41.6985 35.8755 154.148 77.574 0.1655
99 0.01 54.493 59.632 227.25 114.125 0.2235
99 0.012 66.6815 90.8985 314.16 157.58 0.2395
99 0.014 71.4875 119.969 381.912 191.456 0.2665
99 0.016 71.783 144.505 431.575 216.287 0.3065
99 0.018 69.0455 161.137 459.364 230.182 0.3275
99 0.02 63.245 172.554 470.598 235.799 0.381
99 0.022 52.197 167.468 438.33 219.665 0.4215
99 0.024 44.858 163.954 416.625 208.812 0.4505
99 0.026 37.6465 157.105 388.503 194.751 0.4865
99 0.028 30.1945 144.332 348.053 174.526 0.534
99 0.03 24.675 135.362 319.073 160.036 0.561
99 0.032 18.9215 118.303 273.449 137.225 0.6045
99 0.034 14.283 104.926 237.418 119.209 0.6345
99 0.036 10.92 93.527 207.894 104.447 0.6685
99 0.038 8.077 81.691 178.536 89.768 0.7015
99 0.04 5.3155 68.379 146.389 73.6945 0.7645
99 0.042 4.047 60.9 128.894 64.947 0.795
99 0.044 2.8595 52.3705 109.46 55.23 0.823
99 0.046 2.446 47.921 99.734 50.367 0.84
99 0.048 1.312 38.7295 79.083 40.0415 0.893
99 0.05 0.927 34.81 70.474 35.737 0.9105
102 0 1 0 1 1 0
102 0.002 4.808 0.7885 10.193 5.5965 0.0345
102 0.004 12.958 5.201 35.318 18.159 0.0835
102 0.006 24.354 15.6845 79.077 40.0385 0.1445
102 0.008 38.367 34.0735 143.881 72.4405 0.1815
102 0.01 50.994 59.0845 219.157 110.079 0.2015
102 0.012 57.48 82.354 278.668 139.834 0.241
102 0.014 61.2545 108.277 338.063 169.531 0.297
102 0.016 59.272 125.582 368.707 184.853 0.3135
102 0.018 53.7245 134.468 375.385 188.192 0.3695
102 0.02 49.63 143.938 386.135 193.567 0.3785
102 0.022 40.1145 137.533 354.295 177.648 0.4345
102 0.024 34.567 136.879 341.892 171.446 0.4665
102 0.026 27.078 124.141 301.437 151.219 0.52
102 0.028 21.434 115.153 272.173 136.587 0.5645
102 0.03 16.022 101.909 234.862 117.931 0.614
102 0.032 11.711 87.79 198.002 99.501 0.659
102 0.034 8.9405 76.7625 170.406 85.703 0.688
102 0.036 6.9015 71.47 155.743 78.3715 0.7165
102 0.038 5.5795 66.9055 143.97 72.485 0.7385
102 0.04 3.105 49.2385 103.687 52.3435 0.812
102 0.042 2.154 43.6275 90.563 45.7815 0.845
102 0.044 1.656 38.8375 79.987 40.4935 0.8655
102 0.046 1.1625 33.1985 67.722 34.361 0.8975
102 0.048 0.762 29.268 59.06 30.03 0.9265
102 0.05 0.357 23.5905 46.895 23.9475 0.951
105 0 1 0 1 1 0
105 0.002 4.845 0.841 10.372 5.686 0.0455
105 0.004 12.4365 5.3245 34.522 17.761 0.097
105 0.006 23.1605 15.5935 76.508 38.754 0.1355
105 0.008 35.719 33.456 137.35 69.175 0.1825
105 0.01 43.913 53.4565 193.739 97.3695 0.226
105 0.012 50.986 78.3955 257.763 129.381 0.246
105 0.014 49.767 94.9865 288.507 144.754 0.304
105 0.016 48.3315 110.243 316.148 158.574 0.3465
105 0.018 40.6355 112.795 305.861 153.43 0.4075
105 0.02 35.3405 115.799 301.278 151.139 0.4285
105 0.022 29.8525 113.624 285.952 143.476 0.4775
105 0.024 23.8755 107.297 261.345 131.173 0.5155
105 0.026 19.8185 102.522 243.68 122.34 0.551
105 0.028 13.6955 87.943 202.277 101.638 0.6085
105 0.03 9.6355 74.715 167.701 84.3505 0.669
105 0.032 7.559 69.2965 152.711 76.8555 0.69
105 0.034 5.444 60.294 130.476 65.738 0.73
105 0.036 3.4485 48.5 102.897 51.9485 0.7985
105 0.038 2.515 42.677 89.384 45.192 0.8255
105 0.04 1.7885 37.6275 77.832 39.416 0.8505
105 0.042 1.131 31.473 64.208 32.604 0.8945
105 0.044 0.662 26.1305 52.585 26.7925 0.923
105 0.046 0.3275 20.207 40.069 20.5345 0.954
105 0.048 0.293 19.5755 38.737 19.8685 0.9595
105 0.05 0.1915 18.3325 36.048 18.524 0.9705
108 0 1 0 1 1 0
108 0.002 4.657 0.8935 10.101 5.5505 0.049
108 0.004 12.238 5.262 34 17.5 0.0955
108 0.006 22.2745 15.6765 74.902 37.951 0.148
108 0.008 31.2675 30.673 122.881 61.9405 0.195
108 0.01 40.4135 51.44 182.707 91.8535 0.231
108 0.012 42.8845 69.2445 223.258 112.129 0.2865
108 0.014 43.0425 87.6625 260.41 130.705 0.322
108 0.016 40.2085 99.0245 277.466 139.233 0.388
108 0.018 34.3655 101.993 271.716 136.358 0.4015
108 0.02 28.7375 101.55 259.576 130.288 0.4505
108 0.022 22.867 95.6335 236.001 118.501 0.514
108 0.024 17.6355 87.668 209.607 105.303 0.5455
108 0.026 13.4235 79.788 185.423 93.2115 0.609
108 0.028 9.357 68.248 154.21 77.605 0.666
108 0.03 6.5715 58.7685 129.68 65.34 0.7145
108 0.032 4.989 54.4205 117.819 59.4095 0.737
108 0.034 3.296 45.087 95.766 48.383 0.79
108 0.036 2.048 36.618 76.332 38.666 0.8455
108 0.038 1.422 33.153 68.15 34.575 0.8725
108 0.04 0.955 29.093 59.096 30.048 0.9025
108 0.042 0.6235 24.0825 48.412 24.706 0.932
108 0.044 0.4045 21.6185 43.046 22.023 0.9485
108 0.046 0.1875 16.755 32.885 16.9425 0.9725
108 0.048 0.1075 16.316 31.847 16.4235 0.977
108 0.05 0.0995 15.611 30.421 15.7105 0.984
111 0 1 0 1 1 0
111 0.002 4.617 0.8395 9.913 5.4565 0.0445
111 0.004 11.486 5.2605 32.493 16.7465 0.112
111 0.006 21.2295 15.7285 72.916 36.958 0.163
111 0.008 29.719 30.3535 119.145 60.0725 0.1915
111 0.01 35.2455 47.988 165.467 83.2335 0.2525
111 0.012 34.9855 61.0795 191.13 96.065 0.3095
111 0.014 34.0475 74.1135 215.322 108.161 0.3445
111 0.016 29.825 80.14 218.93 109.965 0.4195
111 0.018 25.926 84.1925 219.237 110.118 0.444
111 0.02 21.5325 84.627 211.319 106.159 0.496
111 0.022 16.1525 76.124 183.553 92.2765 0.5375
111 0.024 12.08 71.311 165.782 83.391 0.593
111 0.026 8.804 62.9205 142.449 71.7245 0.639
111 0.028 6.2495 54.322 120.143 60.5715 0.701
111 0.03 4.237 47.6655 102.805 51.9025 0.744
111 0.032 3.015 42.0215 89.073 45.0365 0.791
111 0.034 1.732 33.7015 69.867 35.4335 0.8455
111 0.036 1.2035 28.67 58.747 29.8735 0.8775
111 0.038 0.7205 25.182 50.805 25.9025 0.91
111 0.04 0.529 21.6835 43.425 22.2125 0.939
111 0.042 0.3415 17.724 35.131 18.0655 0.956
111 0.044 0.2105 16.711 32.843 16.9215 0.967
111 0.046 0.1105 13.995 27.211 14.1055 0.981
111 0.048 0.0555 12.9015 24.914 12.957 0.987
111 0.05 0.0405 11.646 22.373 11.6865 0.993
114 0 1 0 1 1 0
114 0.002 4.626 0.855 9.962 5.481 0.043
114 0.004 11.5945 5.517 33.223 17.1115 0.095
114 0.006 20.022 15.5035 70.051 35.5255 0.1545
114 0.008 26.934 29.0195 110.907 55.9535 0.216
114 0.01 31.327 44.9965 151.647 76.3235 0.2535
114 0.012 32.6785 60.005 184.367 92.6835 0.3035
114 0.014 28.7705 66.553 189.647 95.3235 0.377
114 0.016 26.176 74.4955 200.343 100.671 0.419
114 0.018 21.64 75.6595 193.599 97.2995 0.47
114 0.02 16.8175 71.4155 175.466 88.233 0.529
114 0.022 12.301 64.299 152.2 76.6 0.5985
114 0.024 9.2015 58.718 134.839 67.9195 0.621
114 0.026 6.6365 52.9445 118.162 59.581 0.692
114 0.028 4.3785 43.2845 94.326 47.663 0.757
114 0.03 3.1065 40.094 85.401 43.2005 0.785
114 0.032 1.896 32.584 67.96 34.48 0.8435
114 0.034 1.283 28.5565 58.679 29.8395 0.8725
114 0.036 0.624 23.11 46.468 23.734 0.9175
114 0.038 0.4925 20.8835 41.752 21.376 0.9305
114 0.04 0.3165 18.2365 36.106 18.553 0.957
114 0.042 0.1455 14.5445 28.38 14.69 0.9765
114 0.044 0.119 14.519 28.276 14.638 0.979
114 0.046 0.0485 11.5585 22.214 11.607 0.992
114 0.048 0.0215 10.221 19.485 10.2425 0.993
114 0.05 0.019 10.3125 19.663 10.3315 0.995
117 0 1 0 1 1 0
117 0.002 4.459 0.94 9.798 5.399 0.0575
117 0.004 10.771 5.2535 31.049 16.0245 0.1135
117 0.006 18.022 14.354 63.752 32.376 0.1695
117 0.008 24.0575 27.923 102.961 51.9805 0.218
117 0.01 27.049 40.8945 134.887 67.9435 0.3015
117 0.012 28.22 55.7185 166.877 83.9385 0.311
117 0.014 24.6845 61.3685 171.106 86.053 0.3925
117 0.016 21.6295 66.4895 175.238 88.119 0.4365
117 0.018 16.9115 63.79 160.403 80.7015 0.498
117 0.02 12.126 58.226 139.704 70.352 0.566
117 0.022 8.7075 52.439 121.293 61.1465 0.626
117 0.024 6.4825 49.4125 110.79 55.895 0.66
117 0.026 4.4575 41.516 90.947 45.9735 0.723
117 0.028 2.9075 35.833 76.481 38.7405 0.784
117 0.03 1.874 32.303 67.354 34.177 0.8255
117 0.032 1.165 25.6405 52.611 26.8055 0.879
117 0.034 0.613 22.219 44.664 22.832 0.9095
117 0.036 0.467 20.6475 41.229 21.1145 0.9285
117 0.038 0.224 15.7515 30.951 15.9755 0.9645
117 0.04 0.1105 13.739 26.699 13.8495 0.9785
117 0.042 0.0765 12.5285 24.21 12.605 0.9865
117 0.044 0.054 11.2935 21.695 11.3475 0.9915
117 0.046 0.015 10.0465 19.123 10.0615 0.996
117 0.048 0.009 9.5735 18.165 9.5825 0.998
117 0.05 0.007 8.572 16.158 8.579 0.998
120 0 1 0 1 1 0
120 0.002 4.358 0.908 9.532 5.266 0.049
120 0.004 10.1145 5.2285 29.686 15.343 0.117
120 0.006 17.712 14.871 64.166 32.583 0.1765
120 0.008 22.208 26.929 97.274 49.137 0.245
120 0.01 24.7575 40.012 128.539 64.7695 0.2865
120 0.012 22.6185 47.727 139.691 70.3455 0.392
120 0.014 20.8375 54.9075 150.49 75.745 0.412
120 0.016 16.382 55.757 143.278 72.139 0.4855
120 0.018 12.8645 53.1115 130.952 65.976 0.545
120 0.02 9.8005 50.734 120.069 60.5345 0.587
120 0.022 7.022 46.631 106.306 53.653 0.651
120 0.024 4.5935 39.3945 86.976 43.988 0.735
120 0.026 3.3585 36.503 78.723 39.8615 0.749
120 0.028 1.925 29.4705 61.791 31.3955 0.825
120 0.03 1.1145 24.084 49.397 25.1985 0.874
120 0.032 0.6605 20.609 41.539 21.2695 0.9125
120 0.034 0.436 18.7105 37.293 19.1465 0.9375
120 0.036 0.3005 15.889 31.379 16.1895 0.9525
120 0.038 0.157 14.1155 27.545 14.2725 0.97
120 0.04 0.0795 12.774 24.707 12.8535 0.984
120 0.042 0.0525 10.3215 19.748 10.374 0.988
120 0.044 0.037 9.68 18.434 9.717 0.993
120 0.046 0.0035 9.397 17.801 9.4005 0.9985
120 0.048 0.019 8.265 15.568 8.284 0.9965
120 0.05 0.0065 7.957 14.927 7.9635 0.998