0.999011
0.998023
0.997034
0.996049
0.995063
0.994077
0.993096
0.992119
0.991147
0.990171
0.989195
0.988216
0.98724
0.986264
0.985292
0.984319
0.983351
0.982385
0.98142
0.980452
0.979481
0.978512
0.977545
0.976587
0.975634
0.974678
0.973724
0.972773
0.971819
0.970868
0.969918
0.968963
0.968009
0.967058
0.966108
0.965157
0.964209
0.963262
0.962317
0.961374
0.96043
0.959483
0.958539
0.957596
0.956652
0.955707
0.954763
0.95382
0.952879
0.951938
0.950996
0.950052
0.949109
0.948163
0.947218
0.946274
0.945333
0.944394
0.943453
0.942517
0.941581
0.94065
0.939725
0.938802
0.93788
0.936956
0.936032
0.935108
0.934187
0.933269
0.932353
0.93144
0.93053
0.929625
0.928721
0.927818
0.926915
0.926009
0.925103
0.924195
0.923283
0.922366
0.921453
0.920537
0.919624
0.918712
0.917803
0.916896
0.915992
0.915088
0.914186
0.913286
0.912389
0.911494
0.910601
0.909708
0.908815
0.907922
0.907028
0.906134
0.90524
0.904347
0.903453
0.90256
0.901673
0.900789
0.899911
0.899037
0.898164
0.897289
0.896413
0.895536
0.894661
0.893786
0.892914
0.892041
0.891166
0.890291
0.889419
0.888549
0.887684
0.886825
0.88597
0.885113
0.884255
0.8834
0.882541
0.881684
0.880832
0.879986
0.879137
0.878288
0.877442
0.876594
0.87575
0.87491
0.874072
0.873238
0.872406
0.871577
0.870752
0.869928
0.869106
0.868287
0.867473
0.866659
0.865847
0.865038
0.864227
0.863418
0.862609
0.861803
0.860991
0.860178
0.859365
0.858551
0.857738
0.856928
0.856122
0.855314
0.854507
0.853701
0.852898
0.852096
0.851297
0.850499
0.849702
0.848909
0.848113
0.847322
0.846534
0.845748
0.844954
0.844161
0.843368
0.842571
0.841778
0.840988
0.8402
0.839411
0.838626
0.837837
0.837048
0.836256
0.83547
0.834686
0.833902
0.833118
0.832335
0.831554
0.830771
0.829989
0.829205
0.828422
0.827643
0.826866
0.826089
0.825309
0.824531
0.823753
0.822978
0.822206
0.821439
0.820673
0.819906
0.819141
0.818378
0.817616
0.816854
0.816091
0.81533
0.814568
0.813805
0.813041
0.812281
0.811525
0.810771
0.810024
0.80928
0.808537
0.807799
0.80706
0.806323
0.805585
0.804853
0.804123
0.803393
0.802665
0.801942
0.801222
0.800503
0.799791
0.799076
0.798362
0.797648
0.796938
0.79623
0.795525
0.794822
0.794122
0.793418
0.792715
0.792009
0.791305
0.790603
0.789899
0.789197
0.788496
0.787793
0.78709
0.786391
0.785693
0.784997
0.784302
0.783606
0.782905
0.782202
0.781498
0.780797
0.780099
0.779402
0.778701
0.777998
0.777297
0.776594
0.775892
0.775187
0.774479
0.773776
0.773075
0.772377
0.771681
0.770985
0.770284
0.769585
0.768884
0.768185
0.767489
0.76679
0.766092
0.765396
0.764702
0.764007
0.763311
0.762616
0.76192
0.761228
0.760542
0.759856
0.759169
0.75848
0.757786
0.757096
0.756407
0.755715
0.755025
0.754333
0.75364
0.752951
0.752263
0.751572
0.750883
0.75019
0.749499
0.748804
0.748112
0.747423
0.746736
0.746048
0.745359
0.744667
0.743975
0.743285
0.742595
0.741905
0.741212
0.74052
0.739827
0.739135
0.73844
0.737743
0.737046
0.736347
0.73565
0.734957
0.734266
0.733573
0.73288
0.732185
0.731489
0.73079
0.73009
0.729395
0.728703
0.728013
0.727325
0.726641
0.725961
0.725283
0.724607
0.723934
0.723262
0.722593
0.721923
0.721255
0.720582
0.719908
0.719238
0.718569
0.717898
0.717224
0.716553
0.715882
0.715209
0.714537
0.713869
0.713201
0.712538
0.711873
0.711206
0.710543
0.709885
0.709226
0.708563
0.707903
0.707242
0.706585
0.705932
0.705282
0.70463
0.703978
0.703325
0.702674
0.702021
0.70137
0.700713
0.700063
0.699413
0.698767
0.698121
0.697475
0.696832
0.696189
0.695545
0.694904
0.694262
0.693621
0.69298
0.692336
0.691695
0.691051
0.690408
0.689763
0.689117
0.688474
0.687827
0.68718
0.686533
0.685884
0.685236
0.684579
0.683928
0.683279
0.682633
0.681991
0.681354
0.680721
0.680092
0.679461
0.678832
0.678204
0.677578
0.67695
0.676319
0.67569
0.675064
0.674437
0.67381
0.673183
0.672552
0.671929
0.671299
0.67067
0.670042
0.669419
0.668795
0.668174
0.667549
0.666925
0.666303
0.665679
0.665054
0.664425
0.663792
0.663155
0.662516
0.66188
0.661244
0.660605
0.659966
0.659328
0.658694
0.658062
0.65743
0.656799
0.656169
0.65554
0.654912
0.654282
0.653654
0.653024
0.652393
0.651764
0.651134
0.650509
0.649882
0.649256
0.648632
0.648008
0.647383
0.646759
0.646135
0.645516
0.644894
0.644271
0.643649
0.643031
0.642413
0.641797
0.641184
0.640572
0.639966
0.639362
0.638759
0.638158
0.637562
0.636966
0.636367
0.635771
0.635177
0.634586
0.633996
0.633408
0.632819
0.632231
0.631645
0.631056
0.630465
0.629875
0.629284
0.628693
0.6281
0.627506
0.626913
0.626322
0.62573
0.625137
0.624543
0.623952
0.623363
0.622776
0.622187
0.621598
0.621011
0.620427
0.619843
0.619256
0.618665
0.61807
0.617475
0.616877
0.616277
0.615674
0.615068
0.61446
0.613852
0.613244
0.61264
0.612033
0.611431
0.610831
0.610234
0.609637
0.609043
0.608449
0.607855
0.607262
0.606671
0.60608
0.605487
0.604901
0.604319
0.603738
0.60316
0.602584
0.602013
0.601443
0.600872
0.6003
0.59973
0.599156
0.598579
0.598005
0.597429
0.59685
0.596272
0.595704
0.595136
0.594568
0.593998
0.593428
0.592856
0.592283
0.591712
0.591146
0.590579
0.590015
0.589448
0.588883
0.588326
0.587768
0.587208
0.58665
0.586088
0.585526
0.584966
0.584405
0.583841
0.58328
0.582718
0.582156
0.581589
0.581025
0.580465
0.579908
0.579351
0.578792
0.578238
0.577682
0.577125
0.576564
0.576006
0.575448
0.574888
0.574331
0.573772
0.573216
0.572657
0.572103
0.571548
0.570993
0.570436
0.569881
0.569323
0.568767
0.568208
0.567647
0.567089
0.566534
0.565981
0.565432
0.564883
0.564333
0.563782
0.563233
0.562686
0.56214
0.561596
0.561052
0.560508
0.559961
0.559412
0.558867
0.558322
0.557777
0.557233
0.556688
0.556137
0.555584
0.555032
0.554478
0.553921
0.553368
0.552815
0.552259
0.551706
0.551155
0.550607
0.55006
0.549522
0.548984
0.548447
0.54791
0.547376
0.546847
0.54632
0.545794
0.545268
0.544738
0.544213
0.543691
0.543169
0.542642
0.542113
0.541584
0.541058
0.540537
0.540019
0.5395
0.538978
0.53846
0.537944
0.537429
0.536916
0.536401
0.535888
0.535377
0.534869
0.534362
0.533856
0.533356
0.532854
0.532353
0.53185
0.531345
0.530846
0.53035
0.529862
0.529371
0.52888
0.528385
0.527891
0.527394
0.526904
0.526415
0.525932
0.525452
0.524964
0.524483
0.524003
0.523524
0.523045
0.52256
0.522076
0.521591
0.521106
0.520618
0.520129
0.519639
0.519148
0.518656
0.518164
0.517667
0.517171
0.516677
0.516185
0.515694
0.515206
0.514714
0.514224
0.513738
0.513254
0.512771
0.512289
0.511808
0.511331
0.510854
0.510379
0.509902
0.509425
0.508955
0.508483
0.508016
0.507554
0.507091
0.506628
0.506164
0.5057
0.505235
0.50477
0.504306
0.503845
0.503385
0.502924
0.502468
0.502011
0.501554
0.501096
0.50064
0.50019
0.499744
0.499302
0.49886
0.498418
0.497976
0.497533
0.497093
0.496662
0.496231
0.495799
0.495368
0.494938
0.494509
0.494087
0.493662
0.493241
0.492823
0.492404
0.491984
0.491561
0.491137
0.490712
0.490291
0.489866
0.489438
0.489016
0.488594
0.488173
0.487755
0.487336
0.486915
0.486491
0.486065
0.48564
0.485217
0.484789
0.48436
0.483939
0.483515
0.483095
0.482673
0.48225
0.481828
0.481405
0.480987
0.48057
0.480153
0.479734
0.479322
0.478909
0.478499
0.478089
0.477675
0.477263
0.476854
0.476446
0.476041
0.475637
0.475236
0.474839
0.474446
0.474052
0.473654
0.473258
0.472865
0.472476
0.472087
0.471699
0.471318
0.470936
0.470557
0.47018
0.469803
0.469424
0.469041
0.468661
0.46828
0.4679
0.467515
0.467135
0.466756
0.46638
0.466007
0.465635
0.465262
0.46489
0.464521
0.464152
0.463788
0.463429
0.463068
0.462708
0.462347
0.461983
0.461622
0.461259
0.460896
0.460533
0.460169
0.459808
0.459447
0.45909
0.45873
0.458372
0.458017
0.457664
0.457314
0.456967
0.456622
0.456276
0.455934
0.455589
0.455241
0.454898
0.454555
0.454214
0.453873
0.453529
0.453185
0.452839
0.452493
0.452152
0.451806
0.451461
0.451115
0.450774
0.450429
0.450089
0.44975
0.449411
0.449072
0.448736
0.448401
0.44806
0.447718
0.447376
0.447036
0.446702
0.446366
0.44603
0.445697
0.445362
0.44503
0.444702
0.444378
0.444055
0.44373
0.44341
0.443089
0.442767
0.442444
0.442126
0.441808
0.441492
0.441177
0.440861
0.440546
0.440233
0.43992
0.439603
0.439284
0.438967
0.438649
0.438328
0.438005
0.437679
0.437357
0.437035
0.436707
0.436378
0.436051
0.435725
0.435396
0.43507
0.434744
0.434416
0.434087
0.433759
0.433432
0.43311
0.432787
0.432467
0.432147
0.431831
0.431512
0.431188
0.430858
0.430522
0.430185
0.429847
0.429509
0.429175
0.42884
0.428504
0.428169
0.427835
0.427498
0.42716
0.426819
0.426479
0.426147
0.425815
0.42549
0.425167
0.424844
0.424519
0.424195
0.423872
0.423546
0.423226
0.422905
0.422583
0.422259
0.421936
0.421612
0.421287
0.420966
0.420646
0.420329
0.420012
0.419696
0.41938
0.419066
0.418751
0.418436
0.418124
0.417815
0.417505
0.417199
0.416892
0.416584
0.416275
0.415965
0.415653
0.415347
0.415041
0.414732
0.414423
0.414118
0.413813
0.413509
0.413207
0.412904
0.412604
0.41231
0.412013
0.411715
0.411417
0.411117
0.410816
0.410513
0.410209
0.409904
0.409602
0.409299
0.408997
0.408697
0.408399
0.408107
0.407817
0.407531
0.40724
0.406947
0.406649
0.406349
0.40605
0.405755
0.405456
0.405155
0.404849
