0.998247
0.996502
0.994765
0.993035
0.991314
0.989598
0.987882
0.986172
0.984468
0.982767
0.981068
0.979368
0.977672
0.975976
0.974279
0.972588
0.9709
0.969212
0.967523
0.965841
0.964159
0.962484
0.960813
0.959145
0.957478
0.955815
0.954155
0.952499
0.950848
0.949203
0.947565
0.945934
0.944309
0.942687
0.941066
0.939443
0.937827
0.936204
0.934588
0.932973
0.931355
0.929743
0.928141
0.926541
0.924948
0.923354
0.92176
0.920164
0.918571
0.91698
0.9154
0.913826
0.912256
0.910692
0.909129
0.907567
0.90601
0.904448
0.902895
0.90134
0.899788
0.898237
0.896691
0.895152
0.893615
0.892083
0.890556
0.889027
0.887507
0.885991
0.884471
0.882948
0.881435
0.87992
0.87841
0.876896
0.875386
0.873878
0.872373
0.870871
0.869374
0.867876
0.866389
0.864903
0.863422
0.861947
0.860471
0.859001
0.857538
0.856084
0.854634
0.853189
0.851743
0.8503
0.848862
0.847422
0.845982
0.844537
0.843107
0.841677
0.840246
0.838811
0.837378
0.83594
0.834501
0.833068
0.831643
0.830223
0.828802
0.827375
0.82595
0.824525
0.823107
0.821692
0.820285
0.818878
0.817472
0.816066
0.814663
0.813265
0.811869
0.810468
0.80907
0.80767
0.806274
0.804883
0.803494
0.802108
0.800725
0.799344
0.79796
0.796576
0.795194
0.793812
0.792436
0.791066
0.789698
0.788346
0.786995
0.785641
0.784285
0.782921
0.781563
0.780209
0.778849
0.777488
0.776132
0.774776
0.773417
0.772063
0.770715
0.769368
0.768025
0.766689
0.765352
0.764016
0.762684
0.761362
0.760045
0.758725
0.757406
0.756091
0.754776
0.753463
0.752151
0.750841
0.749534
0.748222
0.746908
0.745595
0.744284
0.742974
0.741664
0.740353
0.739041
0.737726
0.736418
0.735116
0.733817
0.73252
0.731224
0.729929
0.728635
0.727342
0.726052
0.724765
0.72348
0.72219
0.720906
0.719622
0.718344
0.717059
0.715777
0.714493
0.713221
0.711961
0.710701
0.709436
0.708176
0.706919
0.70567
0.704417
0.703165
0.701917
0.700673
0.699429
0.698191
0.696961
0.695732
0.694505
0.693282
0.692057
0.690845
0.689643
0.688442
0.687242
0.686043
0.68485
0.683657
0.682459
0.681265
0.680072
0.678877
0.677683
0.676491
0.675295
0.674099
0.67291
0.671727
0.670547
0.669374
0.668204
0.667038
0.665874
0.66471
0.663548
0.662385
0.66123
0.660077
0.658922
0.657772
0.656622
0.655472
0.654322
0.653175
0.652029
0.650888
0.649744
0.648602
0.647465
0.646334
0.645206
0.644075
0.642949
0.641823
0.6407
0.639589
0.638477
0.637383
0.636298
0.635211
0.634127
0.633041
0.631955
0.630866
0.629779
0.628698
0.627621
0.626551
0.625482
0.624407
0.623337
0.622265
0.621194
0.620127
0.619065
0.618006
0.616956
0.615905
0.614857
0.613822
0.612789
0.611746
0.610702
0.609655
0.608611
0.607568
0.606526
0.605492
0.604453
0.603419
0.602391
0.601367
0.600342
0.599317
0.598293
0.597271
0.596252
0.595231
0.594218
0.593212
0.592211
0.591219
0.590226
0.589235
0.588242
0.587245
0.586245
0.585247
0.584248
0.583258
0.582268
0.581275
0.580289
0.579307
0.578316
0.577332
0.576355
0.575386
0.574419
0.573451
0.572482
0.571507
0.570538
0.569573
0.568605
0.567645
0.566681
0.56572
0.564755
0.563796
0.562828
0.561865
0.5609
0.55994
0.558977
0.558015
0.557044
0.556074
0.555102
0.554132
0.553159
0.552187
0.551206
0.550227
0.549254
0.548281
0.547304
0.546336
0.545368
0.544399
0.543427
0.542452
0.541474
0.540492
0.539519
0.538553
0.537598
0.536647
0.535698
0.534747
0.533805
0.532869
0.531932
0.531003
0.530082
0.52916
0.528245
0.527329
0.526424
0.525531
0.524647
0.523765
0.522883
0.521996
0.521106
0.520222
0.519338
0.518447
0.517559
0.516673
0.515786
0.514891
0.514005
0.513111
0.512219
0.511323
0.510421
0.509525
0.508632
0.507737
0.506844
0.505956
0.505071
0.504181
0.503294
0.50241
0.501523
0.500639
0.499758
0.498878
0.498004
0.497136
0.496271
0.495392
0.494513
0.493634
0.492756
0.491885
0.49102
0.490161
0.489301
0.488441
0.487583
0.486729
0.485877
0.485027
0.484175
0.483324
0.482473
0.481626
0.480778
0.479934
0.479088
0.478237
0.477388
0.47654
0.475698
0.474865
0.474024
0.473188
0.472349
0.471514
0.470676
0.469831
0.468992
0.468151
0.467315
0.466484
0.465652
0.464822
0.463997
0.463171
0.462347
0.461518
0.460692
0.459869
0.459043
0.458213
0.45738
0.456547
0.45572
0.454888
0.454053
0.45322
0.45239
0.451562
0.450733
0.449903
0.449072
0.448235
0.447403
0.44657
0.445746
0.444922
0.444102
0.44328
0.442461
0.441634
0.440808
0.439981
0.439158
0.438334
0.437508
0.436687
0.435864
0.435046
0.434236
0.433429
0.432627
0.431833
0.431038
0.430248
0.429458
0.428662
0.427869
0.427071
0.426264
0.425469
0.424684
0.423893
0.423106
0.422323
0.421544
0.42077
0.419997
0.419225
0.418454
0.417685
0.41692
0.416159
0.415402
0.414646
0.413885
0.413123
0.412357
0.41159
0.410824
0.410057
0.409302
0.408557
0.407809
0.40707
0.406328
0.405594
0.404858
0.404118
0.403375
0.402627
0.401882
0.401135
0.40039
0.399644
0.398903
0.398155
0.39741
0.396665
0.395924
0.395181
0.394447
0.393716
0.39298
0.392246
0.391513
0.390783
0.39006
0.389333
0.388603
0.387878
0.387152
0.38642
0.385694
0.384967
0.38424
0.383514
0.382784
0.382039
0.381294
0.380552
0.379801
0.379054
0.378311
0.377575
0.376843
0.376115
0.375389
0.374665
0.373944
0.373218
0.372499
0.371781
0.371067
0.370355
0.369644
0.368935
0.368226
0.367518
0.366811
0.366098
0.365389
0.364676
0.363965
0.363261
0.362558
0.361855
0.361145
0.360441
0.359739
0.359036
0.358335
0.357635
0.356936
0.356236
0.355541
0.354852
0.354164
0.353479
0.352797
0.35211
0.351414
0.350718
0.350026
0.349335
0.348646
0.347956
0.347263
0.34657
0.345874
0.345178
0.344477
0.343774
0.343068
0.34237
0.34168
0.340993
0.34031
0.339633
0.33895
0.338266
0.337588
0.336917
0.33625
0.335588
0.334933
0.334272
0.333609
0.332955
0.3323
0.331654
0.331004
0.33036
0.329714
0.329068
0.328421
0.327777
0.327136
0.326493
0.325855
0.325207
0.324561
0.32392
0.323282
0.322647
0.322013
0.32138
0.320754
0.320125
0.319499
0.31887
0.318238
0.317613
0.316993
0.31637
0.315756
0.315148
0.314538
0.313935
0.313329
0.312722
0.312119
0.31152
0.310927
0.310332
0.30974
0.309147
0.30855
0.307958
0.307367
0.306779
0.306191
0.305607
0.305024
0.304448
0.303875
0.303293
0.302706
0.302127
0.301549
0.300977
0.300409
0.299845
0.299279
0.298712
0.298154
0.297596
0.297045
0.296494
0.295948
0.295396
0.294846
0.294298
0.293749
0.293201
0.292653
0.292105
0.291554
0.29101
0.290472
0.289937
0.289407
0.288878
0.288337
0.287802
0.287275
0.286748
0.286215
0.285674
0.285135
0.284601
0.284073
0.283546
0.283016
0.282492
0.281971
0.281444
0.28092
0.280398
0.279877
0.279354
0.278836
0.278312
0.277787
0.277264
0.276746
0.276227
0.275707
0.275192
0.274672
0.274157
0.273645
0.273133
0.272619
0.272107
0.271592
0.271078
0.270567
0.270056
0.269541
0.269029
0.268513
0.268001
0.267493
0.266982
0.266465
0.265952
0.265433
0.264916
0.264394
0.263878
0.263354
0.262824
0.262298
0.261777
0.261263
0.260747
0.260233
0.259719
0.259208
0.258705
0.258201
0.257696
0.257184
0.256674
0.256171
0.255675
0.255176
0.254678
0.254174
0.253672
0.253172
0.252678
0.252181
0.251683
0.251188
0.250698
0.250215
0.249734
0.249248
0.248771
0.248298
0.247826
0.247355
0.246886
0.246424
0.245971
0.245526
0.245086
0.244644
0.244193
0.243744
0.243296
0.242857
0.242412
0.241968
0.241533
0.241098
0.240666
0.24024
0.239813
0.239391
0.238972
0.238553
0.238137
0.237724
0.237314
0.236901
0.236492
0.236082
0.235669
0.23525
0.234835
0.234418
0.234004
0.233586
0.233174
0.232751
0.232322
0.231889
0.231453
0.231023
0.230589
0.230157
0.229727
0.229302
0.228878
0.228464
0.228048
0.227629
0.227211
0.226796
0.226381
0.225964
0.225547
0.225135
0.224716
0.224294
0.223885
0.223483
0.223079
0.222684
0.2223
0.221911
0.22152
0.221133
0.220744
0.220353
0.219966
0.21958
0.219204
0.218833
0.218463
0.218098
0.217736
0.217376
0.217014
0.216662
0.2163
0.215941
0.215585
0.215226
0.214869
0.214514
0.214165
0.213819
0.213474
0.213139
0.212796
0.212442
0.212091
0.211744
0.211405
0.211064
0.210728
0.21039
0.210059
0.20973
0.209407
0.209078
0.208748
0.20842
0.208092
0.207758
0.207417
0.207078
0.206742
0.2064
0.206063
0.205718
0.205377
0.205034
0.204683
0.20433
0.203975
0.203624
0.203283
0.202942
0.2026
0.20226
0.201923
0.20159
0.201263
0.200943
0.200621
0.200296
0.199967
0.199638
0.199316
0.198988
0.198662
0.198339
0.198014
0.197686
0.197359
0.197032
0.196706
0.196385
0.196066
0.195746
0.195425
0.195114
0.194804
0.1945
0.194197
0.1939
0.193609
0.193325
0.193038
0.19275
0.192466
0.192168
0.191871
0.191576
0.191278
0.190986
0.1907
0.190409
0.190126
0.189851
0.18958
0.189311
0.189041
0.188768
0.188494
0.188219
0.187949
0.187683
0.187415
0.187144
0.18688
0.186612
0.186345
0.186081
0.185816
0.185556
0.185287
0.185021
0.184751
0.184478
0.184202
0.183923
0.183643
0.183365
0.183088
0.182818
0.182548
0.182277
0.182007
0.181728
0.181447
0.181164
0.180882
0.180603
0.18032
0.180034
0.17975
0.179467
0.179184
0.178902
0.178612
0.178332
0.178065
0.177796
0.177521
0.177248
0.17698
0.176723
0.176463
0.176212
0.17596
0.175716
0.175476
0.175237
0.174999
0.174771
0.174539
0.174306
0.174077
0.173845
0.173626
0.17341
0.173192
0.172971
0.172744
0.172524
0.172307
0.172086
0.171865
0.171643
0.17142
0.171197
