0.996059
0.992142
0.988216
0.984294
0.980393
0.976508
0.972629
0.968761
0.964907
0.96106
0.957221
0.953404
0.949589
0.945798
0.942011
0.938236
0.934472
0.930736
0.927025
0.923313
0.919614
0.915918
0.912239
0.908571
0.904922
0.901288
0.897663
0.894067
0.890472
0.886901
0.883339
0.879806
0.876288
0.8728
0.869312
0.865835
0.862374
0.858938
0.855532
0.852156
0.848816
0.845491
0.842173
0.838852
0.83554
0.832248
0.828964
0.825693
0.822436
0.819181
0.815937
0.812724
0.809523
0.806333
0.803146
0.799974
0.796816
0.793671
0.790529
0.787396
0.784293
0.781206
0.778142
0.775095
0.772071
0.769064
0.766063
0.763084
0.760111
0.757154
0.754197
0.751246
0.748304
0.745369
0.742439
0.739531
0.736643
0.733754
0.730884
0.72804
0.725215
0.722405
0.719588
0.716767
0.713973
0.71117
0.70836
0.705555
0.70277
0.699999
0.697242
0.694496
0.691754
0.689029
0.686328
0.683628
0.680935
0.678255
0.675595
0.672951
0.670307
0.667666
0.66502
0.662383
0.659741
0.657103
0.654471
0.651849
0.64923
0.646609
0.644
0.641401
0.638803
0.636231
0.633694
0.63117
0.628658
0.62615
0.623647
0.621166
0.618686
0.616223
0.613778
0.611337
0.608897
0.606453
0.604036
0.601621
0.599205
0.596791
0.594387
0.592
0.589629
0.587249
0.584881
0.582523
0.580173
0.57785
0.575544
0.57323
0.570917
0.568607
0.566299
0.563988
0.561698
0.559413
0.55713
0.554861
0.552593
0.550332
0.548073
0.545813
0.543572
0.541333
0.539124
0.536921
0.534736
0.532551
0.530378
0.528221
0.526071
0.523924
0.521793
0.519666
0.517553
0.515431
0.513325
0.511232
0.509134
0.50703
0.504914
0.502815
0.500717
0.498617
0.496528
0.494457
0.492401
0.490358
0.488326
0.486304
0.484291
0.482289
0.480308
0.478333
0.476349
0.474369
0.47238
0.470392
0.468436
0.466485
0.464551
0.462635
0.460743
0.458837
0.456944
0.455071
0.453202
0.451332
0.449476
0.447623
0.445772
0.443937
0.442105
0.440268
0.43844
0.436617
0.434804
0.432993
0.431189
0.429387
0.427589
0.425795
0.424012
0.422242
0.420468
0.418695
0.416943
0.415193
0.41344
0.411683
0.409932
0.40818
0.40645
0.404736
0.403027
0.401323
0.399635
0.397966
0.396298
0.39464
0.392991
0.391344
0.389699
0.388055
0.386414
0.384787
0.383178
0.381577
0.379993
0.378409
0.37684
0.375284
0.373736
0.372201
0.370693
0.369194
0.367711
0.366235
0.364763
0.363307
0.361863
0.360439
0.35902
0.357615
0.356215
0.354827
0.353471
0.352106
0.350753
0.349401
0.348058
0.346707
0.345374
0.344025
0.342691
0.341371
0.340054
0.338728
0.337401
0.336091
0.334769
0.333452
0.332124
0.3308
0.329491
0.328173
0.326854
0.325569
0.324283
0.322991
0.321719
0.320457
0.319203
0.317972
0.316751
0.315538
0.314329
0.313135
0.311939
0.310753
0.309579
0.308425
0.307294
0.306153
0.305009
0.303872
0.302735
0.301614
0.300496
0.299376
0.298256
0.297137
0.296036
0.294949
0.293875
0.292801
0.29174
0.290676
0.289619
0.288572
0.287537
0.286507
0.285478
0.284457
0.283437
0.282413
0.281386
0.280373
0.27936
0.278362
0.277365
0.276372
0.27539
0.274412
0.273443
0.272486
0.271526
0.270557
0.269594
0.268622
0.267667
0.266714
0.26577
0.264838
0.263921
0.262993
0.262068
0.261153
0.260238
0.25933
0.258433
0.257538
0.256636
0.255748
0.254858
0.253983
0.253114
0.252244
0.251376
0.250516
0.249644
0.248782
0.247928
0.247068
0.246214
0.245358
0.244499
0.243647
0.242801
0.241955
0.241121
0.240304
0.239486
0.238666
0.237848
0.237017
0.236186
0.235363
0.234537
0.233726
0.232917
0.232109
0.23132
0.230533
0.229762
0.228978
0.228212
0.227443
0.22668
0.225905
0.225132
0.224352
0.223576
0.22279
0.222018
0.221248
0.220471
0.219689
0.218912
0.218148
0.217394
0.216643
0.215907
0.215179
0.214468
0.213758
0.213066
0.212374
0.211669
0.210966
0.210274
0.209582
0.208893
0.208198
0.207514
0.206839
0.20618
0.205524
0.204859
0.204191
0.203523
0.20285
0.202186
0.201512
0.200854
0.200195
0.199548
0.198891
0.198223
0.197575
0.196914
0.196252
0.195584
0.194914
0.194245
0.193578
0.192919
0.192271
0.191621
0.190981
0.190336
0.189693
0.189063
0.188419
0.187777
0.187123
0.186457
0.185786
0.185113
0.184436
0.183755
0.183074
0.182389
0.181691
0.180988
0.180305
0.179618
0.178932
0.17826
0.177602
0.176929
0.176256
0.17558
0.174917
0.174252
0.173569
0.172882
0.172212
0.171553
0.170891
0.170222
0.16957
0.168913
0.168273
0.16763
0.167006
0.166381
0.165778
0.165184
0.164596
0.164013
0.16345
0.1629
0.162353
0.16181
0.161278
0.160758
0.160233
0.1597
0.159151
0.15861
0.158078
0.157547
0.157023
0.156512
0.156005
0.155503
0.154997
0.154496
0.153994
0.153478
0.152963
0.152446
0.151934
0.151437
0.150948
0.150478
0.15001
0.149542
0.149065
0.148574
0.148075
0.147573
0.147068
0.14656
0.146046
0.145529
0.145006
0.144497
0.143994
0.143477
0.142972
0.14248
0.141979
0.141479
0.140973
0.140458
0.139945
0.139437
0.138917
0.138399
0.137872
0.137341
0.136825
0.136309
0.135812
0.135309
0.134801
0.134285
0.133779
0.13327
0.132767
0.132273
0.13178
0.131291
0.130813
0.130332
0.129851
0.129373
0.128911
0.128451
0.128001
0.127556
0.1271
0.12665
0.126204
0.125759
0.125294
0.124818
0.124335
0.123847
0.12337
0.122896
0.122427
0.121929
0.121451
0.120975
0.120524
0.120068
0.119642
0.119218
0.118801
0.118385
0.11796
0.117527
0.117097
0.116646
0.116199
0.115764
0.11533
0.114886
0.114438
0.113979
0.113518
0.11306
0.112582
0.112113
0.111641
0.111196
0.110747
0.110297
0.109862
0.109436
0.109022
0.108615
0.108222
0.107827
0.107434
0.107029
0.106617
0.10622
0.105835
0.105432
0.105009
0.104584
0.104164
0.103745
0.103308
0.102872
0.102446
0.102022
0.101593
0.10115
0.100712
0.100267
0.0998201
0.0993842
0.0989427
0.0984906
0.0980494
0.0976076
0.0971697
0.0967344
0.0962986
0.0958576
0.095407
0.0949468
0.0944661
0.0939917
0.0935087
0.0930384
0.0925609
0.0920712
0.0915909
0.0911084
0.0906306
0.090157
0.089691
0.0892222
0.0887442
0.0882607
0.0877783
0.0872994
0.0868162
0.0863284
0.085871
0.0854162
0.0849761
0.0845405
0.0841047
0.0836749
0.0832575
0.0828355
0.0824154
0.0820015
0.0815831
0.0811447
0.0807077
0.0802703
0.0798115
0.0793665
0.0789375
0.0785074
0.0780732
0.0776515
0.077239
0.0768342
0.0764512
0.0760716
0.0756967
0.0753132
0.0749366
0.074564
0.0741841
0.0738259
0.073471
0.0731124
0.0727484
0.0723774
0.0720023
0.0716389
0.0712822
0.0709066
0.0705495
0.070203
0.0698456
0.0694989
0.0691611
0.0688323
0.0684898
0.0681529
0.0678217
0.0674939
0.0671833
0.066881
0.0665772
0.0662825
0.0659877
0.0656785
0.0653615
0.0650433
0.0647475
0.0644589
0.0641679
0.063881
0.0635894
0.0632865
0.0629834
0.062682
0.0623754
0.0620747
0.0617767
0.0614723
0.061153
0.0608381
0.0605063
0.060161
0.0598045
0.0594642
0.0591246
0.0588037
0.0584813
0.0581518
0.057832
0.0575049
0.0571841
0.0568583
0.056528
0.0561928
0.0558589
0.0555308
0.055197
0.0548566
0.0545161
0.0541754
0.0538219
0.0534905
0.0531405
0.0527868
0.0524326
0.0520668
0.0516967
0.0513304
0.0509694
0.05061
0.0502598
0.0499083
0.0495459
0.0491894
0.0488539
0.0485122
0.0481581
0.04781
0.0474724
0.047144
0.0468137
0.046485
0.0461471
0.0458327
0.0455228
0.0452183
0.0449168
0.0446074
0.0442804
0.0439429
0.0436128
0.0432949
0.0429783
0.0426702
0.0423725
0.0420848
0.0417926
0.0415151
0.0412342
0.0409622
0.0406969
0.0404473
0.0401911
0.0399322
0.039675
0.0394123
0.0391288
0.0388378
0.0385332
0.0382285
0.037922
0.0376066
0.0373023
0.0369917
0.0366957
0.0363784
0.0360573
0.0357343
0.0354135
0.0350966
0.0347885
0.0344768
0.0341658
0.0338593
0.033547
0.0332292
0.0328948
0.0325493
0.0322069
0.0318482
0.0314915
0.0311258
0.0307657
0.0304087
0.0300424
0.029688
0.0293482
0.0290202
0.0286962
0.0283742
0.0280438
0.027724
0.0274257
0.0271239
0.0268098
0.0264994
0.0261815
0.0258646
0.0255537
0.0252442
0.024929
0.0246237
0.0243211
0.0240163
0.0237151
0.0234157
0.0231153
0.0228129
0.0225149
0.0222137
0.0219238
0.0216332
0.021354
0.0210784
0.0208
0.0205248
0.0202501
0.0199676
0.0196823
0.0193967
0.0191286
0.0188721
0.0186253
0.0183757
0.0181224
0.0178661
0.0176061
0.0173437
0.017085
0.0168374
0.0165848
0.0163382
0.0160954
0.0158508
0.0156301
0.0154127
0.0151788
0.01494
0.0147109
0.0144718
0.0142369
0.0140035
0.0137704
0.0135467
0.013315
0.0130831
0.0128423
0.0126163
0.0123982
0.0121788
0.0119633
0.0117603
0.0115569
0.0113549
0.0111638
0.0109758
0.0107879
0.0106057
0.0104294
0.0102428
0.0100631
0.00987997
0.00970248
0.0095175
0.00934471
0.00917699
0.00902619
0.00888982
0.00875844
0.00861696
0.00847357
0.00833637
0.00822102
0.00810528
0.00799473
0.00788556
0.00778143
0.00768375
0.0075859
0.00747476
0.00736649
0.00727211
0.00718048
0.00709731
0.00702203
0.00695105
0.00687897
0.00682131
0.0067683
0.00670497
0.00665052
0.00659893
0.00655104
0.0065003
0.00645647
0.00643887
0.00639407
0.0063705
0.00633704
0.00630842
0.00627778
0.0062502
0.00622438
0.00619032
0.00614218
0.00608887
0.00603565
0.00596289
0.0058863
0.00581436
0.00575004
0.00568881
0.00563065
0.00558805
0.00556049
0.00554477
0.00553646
0.00555682
0.0055574
0.00555411
0.00554708
0.00553993
0.00554275
0.00552637
0.00550201
0.00548829
0.0054892
0.0054949
0.0055087
0.00551459
0.00552256
0.00553342
0.00554262
0.00554749
0.00554436
0.00554019
0.00552447
0.00549954
0.00546613
0.00543868
0.00540902
0.00537261
0.00533834
0.00528715
0.0052206
0.00515531
0.00509051
0.00504355
0.00499466
0.00497463
0.00495965
0.00494694
0.00493768
0.00494409
0.00493827
0.00493924
0.00494175
0.00494609
0.00496152
0.00496412
0.00495304
0.00494726
0.00495159
0.0049639
0.00495651
0.00495672
0.0049571
0.00497364
0.00498637
0.00499876
0.00499689
0.00498375
0.00497462
0.00496613
0.00495513
0.00494068
0.00493413
0.00493734
0.00493577
0.00491927
0.00489831
0.00487364
0.00486116
0.00486156
0.00485414
