50 0 0.9985 0.0015 1 1 0.0015
50 0.003 11.98 1.545 26.05 13.525 0.0195
50 0.006 67.1965 19.4225 172.238 86.619 0.035
50 0.009 214.091 103.434 634.051 317.526 0.0505
50 0.012 480.669 347.572 1655.48 828.24 0.068
50 0.015 854.059 860.791 3428.7 1714.85 0.068
50 0.018 1184.88 1566.04 5500.85 2750.93 0.097
50 0.021 1548.02 2551.46 8197.96 4099.48 0.097
50 0.024 1824.31 3567.48 10782.6 5391.79 0.1025
50 0.027 2068.89 4693.49 13523.7 6762.37 0.1165
50 0.03 2305.4 5903.24 16416.3 8208.64 0.1205
50 0.033 2462.21 7000.86 18925.2 9463.08 0.127
50 0.036 2585.78 8016.92 21204.4 10602.7 0.133
50 0.039 2702.48 9036.33 23476.6 11738.8 0.135
50 0.042 2838.37 10286.1 26247.9 13124.4 0.1405
50 0.045 2840.91 10842.9 27366.6 13683.8 0.154
50 0.048 2894.04 11693.6 29174.2 14587.6 0.1625
50 0.051 2949.19 12543.8 30985 15493 0.1655
50 0.054 2924.95 12963.8 31776.5 15888.8 0.1825
50 0.057 3044.25 13978.1 34043.6 17022.3 0.1555
50 0.06 2944.94 14085.9 34060.7 17030.9 0.1905
55 0 1 0 1 1 0
55 0.003 11.386 1.5215 24.815 12.9075 0.0165
55 0.006 63.0115 18.7575 162.538 81.769 0.038
55 0.009 198.744 98.1175 592.724 296.862 0.0495
55 0.012 430.548 312.844 1485.79 743.393 0.0645
55 0.015 713.538 708.339 2842.76 1421.88 0.0905
55 0.018 1011.74 1291.94 4606.35 2303.68 0.098
55 0.021 1302.99 2057.13 6719.24 3360.12 0.102
55 0.024 1555.42 2925.96 8961.77 4481.38 0.1105
55 0.027 1725.88 3757.07 10964.9 5482.95 0.134
55 0.03 1896.9 4668.9 13130.6 6565.8 0.1425
55 0.033 1829.96 5134.01 13926.9 6963.97 0.15
55 0.036 1909.7 5878.3 15575 7788 0.166
55 0.039 1996.14 6645.05 17281.4 8641.19 0.1625
55 0.042 2038.79 7282.64 18641.9 9321.44 0.173
55 0.045 2012.45 7582.39 19188.7 9594.84 0.195
55 0.048 2044.31 8192.42 20472.5 10236.7 0.2
55 0.051 2019.59 8457.22 20952.6 10476.8 0.213
55 0.054 2040.15 8948.7 21976.7 10988.9 0.216
55 0.057 2049.79 9355.64 22809.9 11405.4 0.208
55 0.06 2035.69 9639.77 23349.9 11675.5 0.216
60 0 1 0 1 1 0
60 0.003 11.18 1.6535 24.667 12.8335 0.0225
60 0.006 56.7915 19.081 150.745 75.8725 0.0475
60 0.009 169.151 93.2905 523.884 262.442 0.0765
60 0.012 340.524 268.694 1217.44 609.218 0.093
60 0.015 555.516 596.202 2302.44 1151.72 0.1075
60 0.018 780.384 1070.66 3701.09 1851.05 0.116
60 0.021 949.721 1590.81 5080.06 2540.53 0.1265
60 0.024 1091.05 2149.99 6481.09 3241.04 0.1485
60 0.027 1234.45 2822.44 8112.79 4056.89 0.1535
60 0.03 1274.79 3243.06 9034.7 4517.85 0.178
60 0.033 1326.83 3742.74 10138.1 5069.57 0.191
60 0.036 1364.98 4186.82 11102.6 5551.8 0.2015
60 0.039 1361.08 4518.17 11757.5 5879.25 0.2255
60 0.042 1386.84 4938.98 12650.6 6325.82 0.227
60 0.045 1407.83 5334.63 13483.9 6742.46 0.225
60 0.048 1372.18 5454.75 13652.9 6826.93 0.242
60 0.051 1353.08 5656.24 14017.6 7009.32 0.252
60 0.054 1313.48 5721.94 14069.8 7035.42 0.2625
60 0.057 1286.98 5843.43 14259.8 7130.41 0.269
60 0.06 1276.62 6003.08 14558.4 7279.7 0.259
65 0 1 0 1 1 0
65 0.003 10.6215 1.771 23.785 12.3925 0.0295
65 0.006 51.961 18.694 140.31 70.655 0.0665
65 0.009 143.378 83.9095 453.575 227.287 0.0865
65 0.012 296 246.881 1084.76 542.88 0.0905
65 0.015 452.233 506.453 1916.37 958.686 0.12
65 0.018 602.598 854.333 2912.86 1456.93 0.143
65 0.021 725.399 1245.66 3941.12 1971.06 0.152
65 0.024 815.138 1636.76 4902.8 2451.9 0.1715
65 0.027 884.726 2033.77 5835.98 2918.49 0.1875
65 0.03 931.301 2403.94 6669.48 3335.24 0.2035
65 0.033 945.433 2698.9 7287.66 3644.33 0.2255
65 0.036 962.015 3000.79 7924.6 3962.8 0.23
65 0.039 956.238 3218.29 8348.05 4174.52 0.243
65 0.042 951.777 3440.53 8783.61 4392.31 0.2495
65 0.045 899.059 3432.5 8662.12 4331.56 0.2755
65 0.048 887.476 3572.42 8918.8 4459.9 0.28
65 0.051 846.928 3594.89 8882.64 4441.82 0.289
65 0.054 794.83 3502.38 8593.41 4297.21 0.3125
65 0.057 756.146 3507.97 8527.23 4264.11 0.317
65 0.06 703.328 3379.59 8164.83 4082.92 0.337
70 0 1 0 1 1 0
70 0.003 10.345 1.8415 23.373 12.1865 0.0255
70 0.006 48.026 18.6555 132.363 66.6815 0.056
70 0.009 124.584 77.8335 403.834 202.417 0.1045
70 0.012 232.056 205.36 873.833 437.416 0.1185
70 0.015 361.173 423.854 1569.06 785.028 0.135
70 0.018 458.731 675.6 2267.66 1134.33 0.1665
70 0.021 549.562 976.397 3050.92 1525.96 0.1835
70 0.024 601.787 1246.62 3695.82 1848.41 0.203
70 0.027 639.091 1510.82 4298.83 2149.91 0.2135
70 0.03 651.315 1731.32 4764.27 2382.63 0.2325
70 0.033 647.346 1891.75 5077.19 2539.1 0.2575
70 0.036 647.064 2060.97 5415.07 2708.03 0.2585
70 0.039 613.13 2119.62 5464.51 2732.75 0.289
70 0.042 571.525 2118.58 5379.21 2690.11 0.3145
70 0.045 554.224 2195.19 5497.84 2749.42 0.316
70 0.048 511.607 2166.98 5356.17 2678.58 0.347
70 0.051 466.671 2075.8 5083.93 2542.47 0.367
70 0.054 441.513 2082.78 5047.59 2524.3 0.3555
70 0.057 395.563 1953.72 4697.56 2349.28 0.3635
70 0.06 352.759 1803.85 4312.21 2156.61 0.392
75 0 1 0 1 1 0
75 0.003 10.4825 1.992 23.949 12.4745 0.0325
75 0.006 43.351 18.2565 122.215 61.6075 0.081
75 0.009 110.801 73.6005 367.803 184.401 0.1035
75 0.012 197.178 185.831 765.016 383.008 0.135
75 0.015 281.421 350.332 1262.51 631.753 0.173
75 0.018 342.075 527.66 1738.47 869.735 0.1975
75 0.021 393.582 729.209 2244.58 1122.79 0.204
75 0.024 428.055 923.779 2702.67 1351.83 0.2285
75 0.027 443.856 1100.97 3088.66 1544.83 0.255
75 0.03 446.021 1242.88 3376.8 1688.9 0.2775
75 0.033 413.115 1262.6 3350.43 1675.72 0.3035
75 0.036 381.137 1286.17 3333.62 1667.31 0.337
75 0.039 373.197 1367.3 3480 1740.5 0.329
75 0.042 337.498 1326.23 3326.46 1663.73 0.343
75 0.045 300.522 1277.6 3155.25 1578.12 0.378
75 0.048 278.385 1280.3 3116.37 1558.68 0.393
75 0.051 242.679 1172.26 2828.87 1414.94 0.404
75 0.054 214.506 1112.58 2653.17 1327.09 0.4165
75 0.057 194.567 1081.13 2550.39 1275.69 0.4265
75 0.06 154.453 920.288 2148.48 1074.74 0.485
80 0 1 0 1 1 0
80 0.003 9.5685 1.963 22.063 11.5315 0.0425
80 0.006 39.3855 17.7295 113.23 57.115 0.0965
80 0.009 91.9405 66.0495 314.98 157.99 0.135
80 0.012 163.28 165.064 655.688 328.344 0.1515
80 0.015 222.22 293.841 1031.12 516.062 0.1875
80 0.018 263.343 427.565 1380.82 690.908 0.218
80 0.021 291.346 573.701 1729.09 865.047 0.2495
80 0.024 303.319 700.053 2005.74 1003.37 0.266
80 0.027 307.595 805.875 2225.94 1113.47 0.273
80 0.03 285.201 845.066 2259.53 1130.27 0.314
80 0.033 257.139 857.697 2228.67 1114.84 0.354
80 0.036 228.219 830.179 2115.8 1058.4 0.3605
80 0.039 205.448 827.048 2063.99 1032.5 0.3925
80 0.042 184.601 810.146 1988.49 994.747 0.3845
80 0.045 155.731 752.415 1815.29 908.145 0.4365
80 0.048 130.766 681.723 1623.98 812.49 0.4565
80 0.051 108.876 622.342 1461.44 731.218 0.477
80 0.054 90.3145 566.911 1313.45 657.226 0.5
80 0.057 70.8675 486.325 1113.39 557.193 0.5305
80 0.06 62.3195 467.379 1058.4 529.698 0.532
85 0 1 0 1 1 0
85 0.003 9.557 2.236 22.586 11.793 0.0535
85 0.006 35.7035 17.532 105.471 53.2355 0.0865
85 0.009 80.5985 62.673 285.543 143.272 0.1495
85 0.012 129.447 139.132 536.159 268.579 0.1765
85 0.015 170.029 238.886 816.828 408.914 0.2145
85 0.018 202.76 353.772 1112.06 556.532 0.2335
85 0.021 206.53 437.303 1286.67 643.833 0.286
85 0.024 212.557 526.745 1477.61 739.303 0.28
85 0.027 196.964 564.928 1522.79 761.893 0.3185
85 0.03 177.023 571.926 1496.9 748.948 0.3525
85 0.033 150.951 554.577 1410.06 705.529 0.39
85 0.036 127.662 519.311 1292.95 646.973 0.4095
85 0.039 105.251 484.757 1179.02 590.008 0.45
85 0.042 85.9835 439.849 1050.66 525.832 0.4785
85 0.045 70.3195 402.538 944.714 472.857 0.504
85 0.048 52.8365 339.864 784.401 392.7 0.5405
85 0.051 41.66 298.059 678.438 339.719 0.583
85 0.054 35.657 287.321 644.956 322.978 0.571
85 0.057 24.964 229.968 508.864 254.932 0.629
85 0.06 19.3165 202.667 442.966 221.983 0.663
90 0 1 0 1 1 0
90 0.003 9.214 2.116 21.66 11.33 0.0525
90 0.006 33.485 17.6555 101.281 51.1405 0.1085
90 0.009 67.489 56.39 246.758 123.879 0.154
90 0.012 108.811 126.731 470.083 235.542 0.18
90 0.015 126.711 191.62 635.663 318.332 0.2405
90 0.018 142.864 274.127 832.983 416.991 0.26
90 0.021 141.06 325.976 933.072 467.036 0.3055
90 0.024 135.026 371.317 1011.68 506.342 0.3285
90 0.027 115.553 369.72 969.546 485.273 0.3685
90 0.03 95.6625 354.41 899.145 450.072 0.4245
90 0.033 82.213 347.995 859.415 430.207 0.4355
90 0.036 63.8455 311.527 749.745 375.373 0.474
90 0.039 52.9335 291.267 687.401 344.2 0.4995
90 0.042 38.221 246.96 569.362 285.181 0.5465
90 0.045 26.598 198.749 449.694 225.347 0.6045
90 0.048 18.447 161.117 358.128 179.564 0.649
90 0.051 15.368 159.412 348.561 174.78 0.662
90 0.054 9.9355 125.529 269.93 135.465 0.7135
90 0.057 6.449 98.217 208.332 104.666 0.7635
90 0.06 4.4515 81.9035 171.71 86.355 0.8045
95 0 1 0 1 1 0
95 0.003 8.4205 2.231 20.303 10.6515 0.065
95 0.006 29.8465 17.1205 92.934 46.967 0.111
95 0.009 55.642 50.9465 212.177 106.588 0.1765
95 0.012 78.719 101.07 358.579 179.79 0.225
95 0.015 89.061 151.987 481.095 241.048 0.271
95 0.018 91.1895 196.55 574.48 287.74 0.317
95 0.021 85.628 226.656 623.569 312.284 0.3485
95 0.024 74.447 239.843 627.579 314.289 0.3935
95 0.027 61.999 233.276 589.551 295.276 0.428
95 0.03 47.5555 211.338 516.787 258.894 0.466
95 0.033 33.15 179.174 423.649 212.325 0.542
95 0.036 25.8555 167.212 385.135 193.067 0.557
95 0.039 16.992 135.561 304.106 152.553 0.6235
95 0.042 11.3735 109.788 241.324 121.162 0.692
95 0.045 7.1285 87.47 188.197 94.5985 0.7495
95 0.048 4.9425 73.101 155.087 78.0435 0.781
95 0.051 2.8685 58.501 121.739 61.3695 0.842
95 0.054 2.1575 50.5005 104.316 52.658 0.8665
95 0.057 1.054 38.268 77.644 39.322 0.9075
95 0.06 0.5175 30.509 61.053 31.0265 0.949
100 0 1 0 1 1 0
100 0.003 8.4135 2.463 20.753 10.8765 0.0675
100 0.006 25.683 16.135 82.636 41.818 0.1265
100 0.009 47.642 47.5085 189.301 95.1505 0.1875
100 0.012 58.9755 83.878 284.707 142.853 0.262
100 0.015 66.599 127.438 387.073 194.036 0.2925
100 0.018 58.7525 143.125 402.756 201.878 0.367
100 0.021 52.304 157.226 418.061 209.53 0.392
100 0.024 40.816 152.459 385.55 193.275 0.4555
100 0.027 29.9775 141.234 341.424 171.212 0.5025
100 0.03 22.024 126.109 295.266 148.133 0.561
100 0.033 14.081 102.681 232.524 116.762 0.6385
100 0.036 9.0385 84.6915 186.46 93.73 0.678
100 0.039 5.5335 68.173 146.413 73.7065 0.7405
100 0.042 3.311 54.4265 114.475 57.7375 0.805
100 0.045 1.9185 41.52 85.877 43.4385 0.8645
100 0.048 1.0505 34.747 70.595 35.7975 0.897
100 0.051 0.578 27.5705 55.297 28.1485 0.939
100 0.054 0.353 22.907 45.52 23.26 0.9595
100 0.057 0.156 20.1585 39.629 20.3145 0.981
100 0.06 0.1515 18.128 35.559 18.2795 0.9815
105 0 1 0 1 1 0
105 0.003 8.2995 2.44 20.479 10.7395 0.0735
105 0.006 22.3015 15.204 74.011 37.5055 0.138
105 0.009 39.902 43.939 166.682 83.841 0.21
105 0.012 47.876 75.471 245.694 123.347 0.274
105 0.015 46.056 99.163 289.438 145.219 0.3425
105 0.018 41.9645 116.843 316.615 158.808 0.3675
105 0.021 33.878 120.42 307.596 154.298 0.4435
105 0.024 23.3285 105.055 255.768 128.384 0.501
105 0.027 16.137 95.781 222.836 111.918 0.574
105 0.03 10.347 80.0635 179.821 90.4105 0.6455
105 0.033 5.991 60.91 132.802 66.901 0.7245
105 0.036 3.4595 49.236 104.391 52.6955 0.7865
105 0.039 2.1515 40.578 84.459 42.7295 0.848
105 0.042 1.0035 30.306 61.619 31.3095 0.9045
105 0.045 0.5875 25.5315 51.238 26.119 0.9305
105 0.048 0.319 21.086 41.81 21.405 0.953
105 0.051 0.116 16.91 33.052 17.026 0.9795
105 0.054 0.078 15.2525 29.661 15.3305 0.984
105 0.057 0.0165 12.0475 23.128 12.064 0.9965
105 0.06 0.0125 11.5235 22.072 11.536 0.997
110 0 1 0 1 1 0
110 0.003 7.5135 2.512 19.051 10.0255 0.083
110 0.006 21.4885 15.669 73.315 37.1575 0.1535
110 0.009 33.2365 39.6625 144.798 72.899 0.2205
110 0.012 37.982 65.3475 205.659 103.329 0.2935
110 0.015 34.4685 82.2195 232.376 116.688 0.3515
110 0.018 28.6275 91.8955 240.046 120.523 0.417
110 0.021 21.433 89.7895 221.445 111.222 0.4965
110 0.024 14.125 77.554 182.358 91.679 0.568
110 0.027 8.3 62.9815 141.563 71.2815 0.6655
110 0.03 4.915 50.1805 109.191 55.0955 0.7295
110 0.033 2.84 42.6075 89.895 45.4475 0.7985
110 0.036 1.4875 33.1185 68.212 34.606 0.864
110 0.039 0.6685 24.584 49.505 25.2525 0.919
110 0.042 0.3915 20.7925 41.368 21.184 0.945
110 0.045 0.195 17.7375 34.865 17.9325 0.972
110 0.048 0.048 13.362 25.82 13.41 0.99
110 0.051 0.0435 12.2915 23.67 12.335 0.9915
110 0.054 0.013 10.785 20.596 10.798 0.997
110 0.057 0.009 9.582 18.182 9.591 0.998
110 0.06 0 8.5855 16.171 8.5855 1
115 0 1 0 1 1 0
115 0.003 7.3635 2.6225 18.972 9.986 0.0895
115 0.006 19.1445 15.0035 67.296 34.148 0.155
115 0.009 27.8755 36.1225 126.996 63.998 0.25
115 0.012 29.5455 56.7095 171.51 86.255 0.31
115 0.015 25.467 66.2185 182.371 91.6855 0.409
115 0.018 20.107 72.9495 185.113 93.0565 0.4645
115 0.021 12.729 62.208 148.874 74.937 0.5725
115 0.024 8.6525 59.8775 136.06 68.53 0.6255
115 0.027 5.036 47.0705 103.213 52.1065 0.704
115 0.03 2.709 37.2595 78.937 39.9685 0.7915
115 0.033 1.277 27.278 56.11 28.555 0.8645
115 0.036 0.663 22.875 46.076 23.538 0.9155
115 0.039 0.2925 17.14 33.865 17.4325 0.958
115 0.042 0.128 14.451 28.158 14.579 0.9775
115 0.045 0.0355 11.929 22.929 11.9645 0.9905
115 0.048 0.023 11.2905 21.627 11.3135 0.9945
115 0.051 0.0145 9.302 17.633 9.3165 0.9965
115 0.054 0.0035 8.506 16.019 8.5095 0.9995
115 0.057 0 7.765 14.53 7.765 1
115 0.06 0 7.144 13.288 7.144 1
120 0 1 0 1 1 0
120 0.003 7.0645 2.6575 18.444 9.722 0.085
120 0.006 16.7835 14.464 61.495 31.2475 0.183
120 0.009 23.001 32.8445 110.691 55.8455 0.2625
120 0.012 22.085 46.822 136.814 68.907 0.355
120 0.015 18.549 56.1425 148.383 74.6915 0.4395
120 0.018 14.021 58.041 143.124 72.062 0.5225
120 0.021 8.82 51.605 119.85 60.425 0.596
120 0.024 4.802 42.1555 92.915 46.9575 0.6955
120 0.027 2.307 31.2035 66.021 33.5105 0.8065
120 0.03 1.324 25.4935 52.635 26.8175 0.8585
120 0.033 0.5685 20.3825 40.902 20.951 0.9205
120 0.036 0.2465 16.334 32.161 16.5805 0.956
120 0.039 0.075 12.472 24.094 12.547 0.9835
120 0.042 0.04 11.3415 21.763 11.3815 0.991
120 0.045 0.0195 9.7655 18.57 9.785 0.994
120 0.048 0.0045 8.463 15.935 8.4675 0.999
120 0.051 0 7.6975 14.395 7.6975 1
120 0.054 0 6.897 12.794 6.897 1
120 0.057 0 6.5445 12.089 6.5445 1
120 0.06 0 6.0225 11.045 6.0225 1
125 0 1 0 1 1 0
125 0.003 6.9925 2.733 18.451 9.7255 0.082
125 0.006 15.4795 13.9825 57.924 29.462 0.2025
125 0.009 19.133 29.6305 96.527 48.7635 0.2935
125 0.012 18.8745 43.9825 124.714 62.857 0.3675
125 0.015 13.3575 45.5095 116.734 58.867 0.4975
125 0.018 9.6855 48.4885 115.348 58.174 0.5525
125 0.021 5.2625 38.6135 86.752 43.876 0.6815
125 0.024 2.6355 31.56 67.391 34.1955 0.771
125 0.027 1.441 25.4085 52.699 26.8495 0.8435
125 0.03 0.5975 18.4755 37.146 19.073 0.917
125 0.033 0.1795 14.3175 27.994 14.497 0.9635
125 0.036 0.104 12.3565 23.921 12.4605 0.977
125 0.039 0.0305 10.4795 20.02 10.51 0.992
125 0.042 0.0075 8.4545 15.924 8.462 0.998
125 0.045 0.006 7.689 14.39 7.695 0.9985
125 0.048 0 7.0735 13.147 7.0735 1
125 0.051 0 6.2795 11.559 6.2795 1
125 0.054 0 6.139 11.278 6.139 1
125 0.057 0 5.774 10.548 5.774 1
125 0.06 0 5.5755 10.151 5.5755 1
130 0 1 0 1 1 0
130 0.003 6.8735 2.81 18.367 9.6835 0.099
130 0.006 14.176 13.8415 55.035 28.0175 0.2015
130 0.009 17.1465 28.5945 90.482 45.741 0.3
130 0.012 14.696 37.556 103.504 52.252 0.4115
130 0.015 10.6045 40.5425 101.294 51.147 0.5105
130 0.018 6.7755 38.146 88.843 44.9215 0.594
130 0.021 3.6545 31.171 68.651 34.8255 0.7205
130 0.024 1.685 23.0635 48.497 24.7485 0.832
130 0.027 0.6815 17.758 35.879 18.4395 0.904
130 0.03 0.3645 15.508 30.745 15.8725 0.9375
130 0.033 0.148 12.2945 23.885 12.4425 0.9715
130 0.036 0.055 9.738 18.586 9.793 0.9885
130 0.039 0.007 8.467 15.948 8.474 0.9965
130 0.042 0.0145 8.001 15.031 8.0155 0.995
130 0.045 0.0075 6.674 12.363 6.6815 0.9985
130 0.048 0.002 6.27 11.544 6.272 0.9995
130 0.051 0 6.122 11.244 6.122 1
130 0.054 0 5.3445 9.689 5.3445 1
130 0.057 0 5.1625 9.325 5.1625 1
130 0.06 0 5.0165 9.033 5.0165 1
135 0 1 0 1 1 0
135 0.003 6.5015 2.8635 17.73 9.365 0.1035
135 0.006 12.5235 13.3015 50.65 25.825 0.232
135 0.009 14.584 26.16 80.488 40.744 0.34
135 0.012 11.885 33.68 90.13 45.565 0.4405
135 0.015 7.5515 33.107 80.317 40.6585 0.575
135 0.018 4.5445 31.1735 70.436 35.718 0.664
135 0.021 2.3595 25.667 55.053 28.0265 0.7775
135 0.024 1.034 19.5615 40.191 20.5955 0.861
135 0.027 0.415 15.048 29.926 15.463 0.926
135 0.03 0.1475 12.0855 23.466 12.233 0.966
135 0.033 0.069 10.1595 19.457 10.2285 0.9815
135 0.036 0.0255 8.553 16.157 8.5785 0.9935
135 0.039 0.0025 7.749 14.503 7.7515 0.999
135 0.042 0.006 6.645 12.302 6.651 0.998
135 0.045 0 6.066 11.132 6.066 1
135 0.048 0 5.503 10.006 5.503 1
135 0.051 0 5.5455 10.091 5.5455 1
135 0.054 0 5.08 9.16 5.08 1
135 0.057 0 4.839 8.678 4.839 1
135 0.06 0 4.4345 7.869 4.4345 1
140 0 1 0 1 1 0
140 0.003 6.153 2.9075 17.121 9.0605 0.1285
140 0.006 11.4595 12.5505 47.02 24.01 0.2525
140 0.009 12.4025 24.537 72.879 36.9395 0.35
140 0.012 10.0165 31.0375 81.108 41.054 0.4675
140 0.015 6.0275 29.5325 70.12 35.56 0.591
140 0.018 3.2555 25.3405 56.192 28.596 0.7205
140 0.021 1.578 21.8955 45.947 23.4735 0.815
140 0.024 0.6265 15.944 32.141 16.5705 0.901
140 0.027 0.304 12.9665 25.541 13.2705 0.95
140 0.03 0.087 10.352 19.878 10.439 0.979
140 0.033 0.031 8.147 15.356 8.178 0.9925
140 0.036 0.0175 7.5155 14.066 7.533 0.9945
140 0.039 0.0035 6.6805 12.368 6.684 0.9995
140 0.042 0 6.186 11.372 6.186 1
140 0.045 0 5.5095 10.019 5.5095 1
140 0.048 0 5.287 9.574 5.287 1
140 0.051 0 4.958 8.916 4.958 1
140 0.054 0 4.7355 8.471 4.7355 1
140 0.057 0 4.473 7.946 4.473 1
140 0.06 0 4.3625 7.725 4.3625 1
145 0 1 0 1 1 0
145 0.003 5.9985 2.8265 16.65 8.825 0.1245
145 0.006 10.756 12.5495 45.611 23.3055 0.256
145 0.009 10.6965 22.7615 65.916 33.458 0.3645
145 0.012 7.6175 26.7295 67.694 34.347 0.5115
145 0.015 4.581 25.859 59.88 30.44 0.623
145 0.018 2.2425 21.551 46.587 23.7935 0.7535
145 0.021 0.9585 16.941 34.799 17.8995 0.8595
145 0.024 0.4085 13.362 26.541 13.7705 0.9245
145 0.027 0.1335 10.794 20.855 10.9275 0.97
145 0.03 0.0495 8.8365 16.772 8.886 0.9855
145 0.033 0.016 7.5965 14.225 7.6125 0.9965
145 0.036 0.0045 6.824 12.657 6.8285 0.998
145 0.039 0 5.989 10.978 5.989 1
145 0.042 0 5.5325 10.065 5.5325 1
145 0.045 0 5.2685 9.537 5.2685 1
145 0.048 0 4.8195 8.639 4.8195 1
145 0.051 0 4.7485 8.497 4.7485 1
145 0.054 0 4.375 7.75 4.375 1
145 0.057 0 4.2475 7.495 4.2475 1
145 0.06 0 4.053 7.106 4.053 1
150 0 1 0 1 1 0
150 0.003 5.584 2.7645 15.697 8.3485 0.143
150 0.006 9.3785 11.9805 41.718 21.359 0.27
150 0.009 8.924 20.0735 56.995 28.9975 0.4075
150 0.012 6.7315 25.095 62.653 31.8265 0.5165
150 0.015 3.3045 21.565 48.739 24.8695 0.692
150 0.018 1.6915 18.9885 40.36 20.68 0.7985
150 0.021 0.575 13.921 27.992 14.496 0.9015
150 0.024 0.305 12.0965 23.803 12.4015 0.939
150 0.027 0.065 8.5945 16.319 8.6595 0.9845
150 0.03 0.0335 7.748 14.563 7.7815 0.9915
150 0.033 0.0075 6.929 12.873 6.9365 0.9975
150 0.036 0.0045 5.9905 10.99 5.995 0.9985
150 0.039 0.0005 5.4635 9.928 5.464 0.9995
150 0.042 0 5.2185 9.437 5.2185 1
150 0.045 0 4.67 8.34 4.67 1
150 0.048 0 4.5375 8.075 4.5375 1
150 0.051 0 4.3115 7.623 4.3115 1
150 0.054 0 4.1235 7.247 4.1235 1
150 0.057 0 4.046 7.092 4.046 1
150 0.06 0 3.9755 6.951 3.9755 1