0 0 0.031 0.0117533 0 1001 0.969 38.8958 0.969 38.8958 2000
0 0.003 0.066 0.0160477 0 1001 0.934 28.0166 0.9415 32.5284 2000
0 0.006 0.07 0.015442 0 1001 0.93 27.2269 0.939 32.8445 2000
0 0.009 0.0955 0.017537 0 1001 0.9045 22.2952 0.9285 37.2908 2000
0 0.012 0.074 0.0151904 0.001 390.5 0.926 23.7225 0.946 34.2918 2000
0 0.015 0.084 0.0178154 0 1001 0.916 24.6212 0.949 42.4204 2000
0 0.018 0.0745 0.0137534 0 1001 0.9255 26.5954 0.955 42.1592 2000
0 0.021 0.0915 0.0193741 0 1001 0.9085 25.1068 0.964 55.7049 2000
0 0.024 0.0805 0.0189554 0 1001 0.9195 24.6623 0.968 51.095 2000
0 0.027 0.0785 0.018121 0 1001 0.9215 24.2718 0.979 55.2799 2000
0 0.03 0.067 0.0158092 0 1001 0.933 26.926 0.981 52.0224 2000
0 0.033 0.07 0.0182429 0.0005 209 0.93 25.9522 0.983 54.178 2000
0 0.036 0.069 0.0180452 0.0015 296.667 0.931 26.1369 0.99 55.7899 2000
0 0.039 0.065 0.0156008 0 1001 0.935 24.9096 0.994 52.6408 2000
0 0.042 0.0615 0.0133028 0 1001 0.9385 26.1865 0.9935 51.3593 2000
0 0.045 0.057 0.0158522 0.0005 138 0.943 26.4438 0.9965 49.1169 2000
0 0.048 0.0615 0.0170367 0.001 199.5 0.9385 25.2904 0.9965 50.2353 2000
0 0.051 0.0595 0.0147884 0.0005 743 0.9405 26.6295 1 49.571 2000
0 0.054 0.052 0.0163007 0.001 257 0.948 26.3191 0.997 44.2904 2000
0 0.057 0.0545 0.0186131 0.0015 331.667 0.9455 26.8905 0.9995 47.949 2000
0 0.06 0.043 0.014149 0.003 295.5 0.957 29.6552 1 44.9375 2000
0.02 0 0.1435 0.0973267 0.0235 844.809 0.8565 23.2545 0.88 45.1938 2000
0.02 0.003 0.1745 0.0821018 0.0035 827.857 0.8255 21.281 0.855 44.6374 2000
0.02 0.006 0.172 0.060531 0.002 644.75 0.828 21.3732 0.8805 57.1096 2000
0.02 0.009 0.166 0.051119 0.0015 709.667 0.834 24.3813 0.882 55.4008 2000
0.02 0.012 0.161 0.0465563 0.001 685 0.839 23.9672 0.8995 60.2713 2000
0.02 0.015 0.1485 0.0469125 0.002 520.25 0.8515 26.5291 0.919 65.7943 2000
0.02 0.018 0.157 0.0472173 0.0005 399 0.843 27.3084 0.915 68.2208 2000
0.02 0.021 0.134 0.0370483 0.0005 249 0.866 27.31 0.9435 72.2925 2000
0.02 0.024 0.1295 0.040475 0.0005 544 0.8705 27.8805 0.955 76.9419 2000
0.02 0.027 0.141 0.0417955 0.001 584 0.859 30.844 0.965 87.058 2000
0.02 0.03 0.1435 0.0495659 0.0015 264.333 0.8565 30.8768 0.967 91.3309 2000
0.02 0.033 0.135 0.0406624 0.0025 413.8 0.865 30.7075 0.9735 84.697 2000
0.02 0.036 0.1115 0.035864 0.0015 376.667 0.8885 29.4406 0.988 77.7262 2000
0.02 0.039 0.1125 0.0372349 0.002 325.25 0.8875 31.4135 0.9885 76.9454 2000
0.02 0.042 0.106 0.0357731 0.0035 316.143 0.894 32.368 0.993 75.0086 2000
0.02 0.045 0.107 0.0350087 0.0025 269.6 0.893 32.7021 0.995 74.9588 2000
0.02 0.048 0.0955 0.0319348 0.004 274 0.9045 32.6274 0.998 69.3071 2000
0.02 0.051 0.097 0.0329833 0.0025 358.2 0.903 34.0432 0.997 71.6515 2000
0.02 0.054 0.0885 0.0293439 0.0025 342 0.9115 33.1777 0.9985 64.3896 2000
0.02 0.057 0.0835 0.0272239 0.0025 366.6 0.9165 29.8598 0.999 61.1096 2000
0.02 0.06 0.0875 0.0288403 0.004 317.25 0.9125 33.1923 0.9995 63.2796 2000
0.04 0 0.27 0.256607 0.204 755.767 0.73 15.2027 0.934 176.953 2000
0.04 0.003 0.266 0.185724 0.062 727.524 0.734 14.7337 0.8865 127.873 2000
0.04 0.006 0.2465 0.141423 0.017 681.412 0.7535 17.3338 0.8655 99.4044 2000
0.04 0.009 0.2805 0.134697 0.008 554 0.7195 21.8596 0.849 109.118 2000
0.04 0.012 0.261 0.117651 0.007 485.571 0.739 22.1353 0.868 105.287 2000
0.04 0.015 0.2535 0.105494 0.003 460.333 0.7465 23.8915 0.8865 111.548 2000
0.04 0.018 0.244 0.0965425 0.007 429.643 0.756 30.7798 0.9115 118.844 2000
0.04 0.021 0.231 0.0930241 0.0045 435.778 0.769 25.9421 0.9295 115.33 2000
0.04 0.024 0.207 0.079595 0.005 378 0.793 31.174 0.946 111.936 2000
0.04 0.027 0.2145 0.0869075 0.005 347.1 0.7855 31.5207 0.9575 126.488 2000
0.04 0.03 0.195 0.0753682 0.002 310.75 0.805 33.1553 0.9635 112.426 2000
0.04 0.033 0.188 0.0785994 0.0035 439.286 0.812 36.3534 0.973 112.921 2000
0.04 0.036 0.19 0.073101 0.0035 346.857 0.81 33.4957 0.9825 115.082 2000
0.04 0.039 0.162 0.0674996 0.006 325.5 0.838 33.8431 0.985 96.5975 2000
0.04 0.042 0.169 0.0657646 0.0065 315.923 0.831 33.6667 0.9905 99.6906 2000
0.04 0.045 0.1745 0.0671141 0.007 308.286 0.8255 35.2592 0.997 105.847 2000
0.04 0.048 0.149 0.0575654 0.005 252.4 0.851 34.4477 0.9965 92.0045 2000
0.04 0.051 0.155 0.0550597 0.004 287.625 0.845 35.9982 0.995 91.2653 2000
0.04 0.054 0.1225 0.0465542 0.0035 313.714 0.8775 36.747 0.9985 79.8998 2000
0.04 0.057 0.139 0.0527757 0.0095 303.789 0.861 37.0383 0.997 82.6098 2000
0.04 0.06 0.124 0.0495911 0.007 284.643 0.876 36.7237 0.998 76.1187 2000
0.06 0 0.3695 0.368347 0.3635 587.725 0.6305 9.3862 0.994 220.881 2000
0.06 0.003 0.3905 0.316117 0.1855 646.057 0.6095 10.3962 0.95 227.637 2000
0.06 0.006 0.375 0.249431 0.0715 608.881 0.625 15.8616 0.911 198.076 2000
0.06 0.009 0.3465 0.204855 0.042 616.583 0.6535 18.3833 0.904 174.258 2000
0.06 0.012 0.335 0.180587 0.0225 545.2 0.665 21.5489 0.894 160.691 2000
0.06 0.015 0.3305 0.17294 0.0155 513.258 0.6695 25.2524 0.902 163.601 2000
0.06 0.018 0.33 0.166118 0.009 521.222 0.67 25.3828 0.9025 160.638 2000
0.06 0.021 0.3135 0.160009 0.0075 423.533 0.6865 28.0597 0.924 158.239 2000
0.06 0.024 0.3125 0.147915 0.0105 341.143 0.6875 34.5811 0.944 164.379 2000
0.06 0.027 0.293 0.137856 0.0095 358.526 0.707 34.0127 0.9505 153.961 2000
0.06 0.03 0.2795 0.1347 0.012 372.542 0.7205 33.9695 0.9675 152.734 2000
0.06 0.033 0.264 0.119115 0.0075 439.8 0.736 33.9694 0.9745 144.635 2000
0.06 0.036 0.2485 0.116037 0.0095 353.526 0.7515 37.2754 0.985 140.096 2000
0.06 0.039 0.239 0.109361 0.009 359.444 0.761 38.475 0.99 132.855 2000
0.06 0.042 0.239 0.104906 0.0115 333.652 0.761 38.2017 0.995 128.465 2000
0.06 0.045 0.2115 0.0969986 0.0105 284.619 0.7885 42.1027 0.9945 118.493 2000
0.06 0.048 0.215 0.0916364 0.0075 272.867 0.785 39.6561 0.996 114.137 2000
0.06 0.051 0.2145 0.098226 0.0145 341.862 0.7855 37.5417 0.997 114.65 2000
0.06 0.054 0.2115 0.0908611 0.01 275.3 0.7885 37.5688 0.998 105.482 2000
0.06 0.057 0.2025 0.0912679 0.0165 305.091 0.7975 38.9185 0.999 103.787 2000
0.06 0.06 0.1935 0.0878577 0.0125 257.08 0.8065 37.8481 0.9975 97.0251 2000
0.08 0 0.4815 0.4815 0.4815 448.739 0.5185 7.28351 1 219.845 2000
0.08 0.003 0.4695 0.408672 0.3115 513.486 0.5305 10.4467 0.996 235.547 2000
0.08 0.006 0.454 0.352702 0.177 550.212 0.546 13.3636 0.972 239.428 2000
0.08 0.009 0.4535 0.308371 0.0995 532.573 0.5465 14.2745 0.9535 232.943 2000
0.08 0.012 0.455 0.297981 0.07 518.971 0.545 19.2064 0.94 231.799 2000
0.08 0.015 0.4125 0.254866 0.051 508.853 0.5875 23.023 0.9435 199.537 2000
0.08 0.018 0.4055 0.255904 0.033 474.121 0.5945 27.487 0.944 205.089 2000
0.08 0.021 0.3765 0.225005 0.0245 469.143 0.6235 30.7346 0.9545 192.593 2000
0.08 0.024 0.3775 0.213648 0.02 422.1 0.6225 31.9438 0.9655 191.055 2000
0.08 0.027 0.3835 0.213059 0.0245 373.469 0.6165 31.0178 0.9675 189.855 2000
0.08 0.03 0.3405 0.174283 0.0135 363.593 0.6595 36.1016 0.9795 170.34 2000
0.08 0.033 0.353 0.190219 0.021 340.048 0.647 39.0904 0.979 179.757 2000
0.08 0.036 0.32 0.164188 0.017 408.529 0.68 39.511 0.9895 162.627 2000
0.08 0.039 0.315 0.163915 0.018 316.583 0.685 37.7445 0.9925 151.507 2000
0.08 0.042 0.283 0.139799 0.021 295.381 0.717 40.2608 0.997 139.993 2000
0.08 0.045 0.278 0.140812 0.0205 282.171 0.722 41.2798 0.997 136.384 2000
0.08 0.048 0.303 0.144812 0.0195 277.154 0.697 44.269 0.997 140.907 2000
0.08 0.051 0.2885 0.143036 0.0175 290.029 0.7115 40.8391 0.997 134.404 2000
0.08 0.054 0.255 0.118521 0.0205 267.22 0.745 41.8631 0.9985 119.018 2000
0.08 0.057 0.2655 0.134436 0.029 249.793 0.7345 42.4466 0.9995 120.428 2000
0.08 0.06 0.259 0.126908 0.024 299.083 0.741 41.496 0.999 115.679 2000
0.1 0 0.554 0.554 0.554 364.763 0.446 6.16031 1 204.826 2000
0.1 0.003 0.548 0.490535 0.4045 412.422 0.452 7.15487 1 222.434 2000
0.1 0.006 0.5585 0.457571 0.2935 445.831 0.4415 11.205 0.9945 243.552 2000
0.1 0.009 0.5295 0.399498 0.1715 451.385 0.4705 16.5324 0.9875 245.245 2000
0.1 0.012 0.512 0.379212 0.139 446.205 0.488 18.6086 0.981 238.861 2000
0.1 0.015 0.51 0.354602 0.087 441.011 0.49 19.9337 0.9775 241.52 2000
0.1 0.018 0.4965 0.336985 0.0665 440.316 0.5035 22.3873 0.98 235.119 2000
0.1 0.021 0.47 0.303521 0.0645 386.798 0.53 29.7462 0.978 218.281 2000
0.1 0.024 0.4675 0.293429 0.0475 357.242 0.5325 30.6516 0.982 214.63 2000
0.1 0.027 0.4585 0.286504 0.0465 354.849 0.5415 36.8532 0.9835 211.185 2000
0.1 0.03 0.436 0.280375 0.04 379.962 0.564 34.4246 0.9895 206.37 2000
0.1 0.033 0.413 0.250229 0.0435 335.701 0.587 39.2768 0.9875 189.569 2000
0.1 0.036 0.3935 0.238228 0.0445 303.146 0.6065 37.8087 0.997 170.221 2000
0.1 0.039 0.3975 0.224378 0.0335 339.03 0.6025 43.2714 0.995 176.425 2000
0.1 0.042 0.3615 0.201671 0.033 328.061 0.6385 42.8661 0.995 158.991 2000
0.1 0.045 0.389 0.219231 0.044 304.477 0.611 43.7651 0.997 161.229 2000
0.1 0.048 0.328 0.183156 0.0445 269.809 0.672 46.6674 0.9985 140.228 2000
0.1 0.051 0.3485 0.191607 0.034 299.956 0.6515 45.8987 0.9975 143.089 2000
0.1 0.054 0.313 0.168652 0.0295 269.424 0.687 43.7715 0.999 129.465 2000
0.1 0.057 0.3315 0.165102 0.038 253.776 0.6685 42.6185 0.999 128.167 2000
0.1 0.06 0.3115 0.166919 0.0325 274.938 0.6885 45.626 1 128.636 2000
