0 0 0.0325 0.0120267 0.001 942 0.9675 39.138 0.9685 40.0702 2000
0 0.003 0.062 0.0159602 0 1001 0.938 32.6754 0.94 34.2117 2000
0 0.006 0.063 0.0118662 0 1001 0.937 28.4365 0.9445 33.8195 2000
0 0.009 0.0755 0.014553 0 1001 0.9245 25.7523 0.9395 35.3603 2000
0 0.012 0.074 0.0113987 0 1001 0.926 29.1323 0.9435 38.7456 2000
0 0.015 0.071 0.0144089 0.0005 338 0.929 32.1609 0.952 45.4727 2000
0 0.018 0.0705 0.0118427 0 1001 0.9295 28.4422 0.956 43.2741 2000
0 0.021 0.071 0.0125695 0.0005 260 0.929 30.0474 0.968 56.0465 2000
0 0.024 0.066 0.0108607 0 1001 0.934 27.1585 0.9745 50.7276 2000
0 0.027 0.0695 0.0128022 0.0005 474 0.9305 26.5239 0.981 55.1529 2000
0 0.03 0.0715 0.0144784 0.0005 436 0.9285 28.0501 0.985 58.299 2000
0 0.033 0.0705 0.0138479 0.0015 520.667 0.9295 28.8849 0.9875 59.6263 2000
0 0.036 0.0605 0.0136862 0.0015 262.667 0.9395 28.793 0.99 51.1389 2000
0 0.039 0.049 0.0107892 0 1001 0.951 30.5505 0.9945 52.7868 2000
0 0.042 0.048 0.0100632 0 1001 0.952 26.3524 0.9965 48.5203 2000
0 0.045 0.045 0.0106759 0.0005 184 0.955 29.0743 0.997 46.4478 2000
0 0.048 0.0545 0.0154585 0.0015 247.333 0.9455 30.1507 0.9965 50.6297 2000
0 0.051 0.0445 0.010784 0.0025 441.6 0.9555 28.2083 0.9985 45.688 2000
0 0.054 0.049 0.0131386 0.002 307.25 0.951 27.7482 0.9975 46.7328 2000
0 0.057 0.052 0.011879 0.0015 303.667 0.948 28.6324 0.999 46.4149 2000
0 0.06 0.0445 0.0128596 0.0025 325.6 0.9555 27.3694 0.999 42.2037 2000
0.02 0 0.141 0.0975267 0.025 805.98 0.859 23.4744 0.884 45.6041 2000
0.02 0.003 0.156 0.0714061 0.005 802.5 0.844 23.7216 0.8765 48.4387 2000
0.02 0.006 0.1775 0.0585598 0.0015 647 0.8225 25.5167 0.865 57.9514 2000
0.02 0.009 0.148 0.0397963 0.0005 871 0.852 25.1737 0.893 51.7424 2000
0.02 0.012 0.1465 0.0393295 0.001 750.5 0.8535 26.1523 0.9025 57.6554 2000
0.02 0.015 0.148 0.0360694 0.0005 442 0.852 27.5751 0.9105 65.0181 2000
0.02 0.018 0.1395 0.0357091 0.0015 442.333 0.8605 28.2597 0.926 70.304 2000
0.02 0.021 0.1505 0.0399071 0.001 314 0.8495 32.0806 0.934 83.796 2000
0.02 0.024 0.125 0.0321273 0.0005 344 0.875 32.1131 0.961 81.871 2000
0.02 0.027 0.1375 0.0338062 0.0015 618.667 0.8625 32.287 0.968 91.9633 2000
0.02 0.03 0.1255 0.0302422 0.003 397 0.8745 30.4448 0.975 84.4733 2000
0.02 0.033 0.109 0.0260855 0.001 387.5 0.891 36.1431 0.9825 80.5598 2000
0.02 0.036 0.1095 0.029038 0.002 467.75 0.8905 32.5463 0.9865 85.0061 2000
0.02 0.039 0.106 0.0261482 0.0025 439.6 0.894 34.4446 0.9925 80.7899 2000
0.02 0.042 0.099 0.0210339 0.0005 514 0.901 34.8185 0.993 79.4355 2000
0.02 0.045 0.1035 0.024927 0.004 347.875 0.8965 35.2928 0.996 78.1205 2000
0.02 0.048 0.089 0.0258738 0.0035 290.429 0.911 34.4753 0.996 69.5879 2000
0.02 0.051 0.084 0.0262371 0.0035 242 0.916 32.3193 0.9985 63.2318 2000
0.02 0.054 0.0905 0.0243302 0.0025 342.4 0.9095 34.293 0.9975 66.4135 2000
0.02 0.057 0.084 0.0268575 0.0025 304.6 0.916 34.0098 0.9995 66.3627 2000
0.02 0.06 0.084 0.0290768 0.005 239 0.916 33.1141 0.9995 61.7834 2000
0.04 0 0.2705 0.256713 0.202 750.448 0.7295 12.8657 0.9315 172.814 2000
0.04 0.003 0.2775 0.187773 0.0665 738.023 0.7225 17.1474 0.8725 132.789 2000
0.04 0.006 0.2785 0.149464 0.025 720.76 0.7215 18.9667 0.8465 113.113 2000
0.04 0.009 0.26 0.114451 0.0125 595.6 0.74 24.2818 0.8465 102.67 2000
0.04 0.012 0.252 0.0987497 0.0065 606.769 0.748 27.0294 0.865 106.912 2000
0.04 0.015 0.2435 0.0857985 0.0055 405.909 0.7565 23.692 0.8875 108.803 2000
0.04 0.018 0.2385 0.0769635 0.006 526.083 0.7615 28.851 0.9055 117.115 2000
0.04 0.021 0.2265 0.0737259 0.0065 458.077 0.7735 34.5533 0.91 118.559 2000
0.04 0.024 0.2105 0.0669078 0.0045 424.778 0.7895 35.1241 0.9405 118.694 2000
0.04 0.027 0.195 0.0644733 0.0075 436.933 0.805 35.0317 0.959 117.593 2000
0.04 0.03 0.1975 0.0624113 0.0085 401.588 0.8025 35.2368 0.9655 119.993 2000
0.04 0.033 0.1705 0.0559874 0.0075 329.867 0.8295 36.0374 0.9775 107.118 2000
0.04 0.036 0.166 0.0509879 0.004 452.625 0.834 37.6906 0.981 103.809 2000
0.04 0.039 0.163 0.0491721 0.0065 391.923 0.837 36.6344 0.986 103.649 2000
0.04 0.042 0.1545 0.0521356 0.0085 337 0.8455 36.5795 0.9875 99.3104 2000
0.04 0.045 0.152 0.043511 0.004 364.75 0.848 37.2771 0.9945 98.1021 2000
0.04 0.048 0.1365 0.0416726 0.0055 318.273 0.8635 38.1349 0.996 84.8554 2000
0.04 0.051 0.147 0.0476812 0.0075 318.8 0.853 36.1694 0.9975 87.4947 2000
0.04 0.054 0.1335 0.0415684 0.007 313.714 0.8665 37.4887 0.9985 83.968 2000
0.04 0.057 0.1435 0.0479546 0.0095 376.158 0.8565 38.0088 0.9965 86.01 2000
0.04 0.06 0.128 0.0432734 0.005 292.8 0.872 41.8372 0.9995 81.1686 2000
0.06 0 0.404 0.403693 0.402 585.346 0.596 9.15017 0.998 241.245 2000
0.06 0.003 0.368 0.29524 0.192 635.578 0.632 12.0585 0.9535 215.515 2000
0.06 0.006 0.3715 0.243078 0.0945 656.889 0.6285 15.7136 0.8995 196.222 2000
0.06 0.009 0.3725 0.210064 0.0525 628.895 0.6275 24.5243 0.878 188.062 2000
0.06 0.012 0.369 0.183955 0.032 547.141 0.631 27.0681 0.874 178.376 2000
0.06 0.015 0.3395 0.153038 0.0225 511.022 0.6605 29.3278 0.896 169.267 2000
0.06 0.018 0.325 0.144579 0.0245 517.959 0.675 30.3822 0.9095 165.88 2000
0.06 0.021 0.3175 0.128732 0.013 437.038 0.6825 33.3311 0.9385 175.653 2000
0.06 0.024 0.2815 0.118117 0.015 455.467 0.7185 34.3278 0.9485 151.771 2000
0.06 0.027 0.2775 0.104804 0.0115 470.348 0.7225 36.5689 0.9575 152.695 2000
0.06 0.03 0.2735 0.102929 0.015 401.167 0.7265 36.1156 0.969 153.248 2000
0.06 0.033 0.2665 0.101111 0.012 381 0.7335 38.0607 0.9795 153.159 2000
0.06 0.036 0.2295 0.0799309 0.0095 430.263 0.7705 39.6158 0.99 135.081 2000
0.06 0.039 0.2395 0.0849485 0.0115 385.739 0.7605 39.1059 0.9895 134.65 2000
0.06 0.042 0.2225 0.0811405 0.012 455.833 0.7775 39.3505 0.992 123.349 2000
0.06 0.045 0.2235 0.0794913 0.014 357.679 0.7765 42.7141 0.994 122.102 2000
0.06 0.048 0.2155 0.0806003 0.0145 317.759 0.7845 42.4978 0.995 115.491 2000
0.06 0.051 0.198 0.0727622 0.014 322.5 0.802 40.2151 0.997 108.999 2000
0.06 0.054 0.183 0.0667413 0.015 269.933 0.817 41.2148 0.998 98.521 2000
0.06 0.057 0.1945 0.0719066 0.0165 342.697 0.8055 42.7225 0.9985 102.916 2000
0.06 0.06 0.1885 0.072781 0.0125 310.76 0.8115 40.6562 0.9985 100.163 2000
0.08 0 0.499 0.499 0.499 449.659 0.501 7.43613 1 228.106 2000
0.08 0.003 0.475 0.41198 0.336 524.454 0.525 10.7752 0.9935 245.154 2000
0.08 0.006 0.4685 0.345476 0.2065 544.262 0.5315 14.7018 0.9665 246.155 2000
0.08 0.009 0.46 0.305746 0.1315 559.795 0.54 18.262 0.9495 240.727 2000
0.08 0.012 0.4285 0.253968 0.0815 538.908 0.5715 23.1321 0.9455 225.111 2000
0.08 0.015 0.4105 0.22228 0.054 490.963 0.5895 26.7142 0.93 205.026 2000
0.08 0.018 0.399 0.202718 0.049 491.98 0.601 27.3428 0.9445 200.947 2000
0.08 0.021 0.37 0.178363 0.04 471.288 0.63 28.1571 0.964 193.727 2000
0.08 0.024 0.376 0.172201 0.031 417.855 0.624 29.7532 0.9655 187.295 2000
0.08 0.027 0.352 0.151484 0.0245 404.347 0.648 34.767 0.9715 178.496 2000
0.08 0.03 0.3485 0.153961 0.028 384.089 0.6515 37.383 0.9815 177.505 2000
0.08 0.033 0.346 0.145792 0.0245 379.673 0.654 38.5443 0.9805 168.507 2000
0.08 0.036 0.332 0.14415 0.03 379.6 0.668 39.6916 0.9895 166.096 2000
0.08 0.039 0.303 0.12715 0.0215 409.488 0.697 42.9383 0.9925 159.877 2000
0.08 0.042 0.313 0.127687 0.026 321.692 0.687 42.6689 0.9965 153.2 2000
0.08 0.045 0.2895 0.122238 0.0285 328.439 0.7105 41.6284 0.998 138.178 2000
0.08 0.048 0.2605 0.101541 0.0215 320.651 0.7395 42.2096 0.9985 125.883 2000
0.08 0.051 0.255 0.102092 0.028 317.857 0.745 44.8772 0.9985 122.597 2000
0.08 0.054 0.2565 0.0968469 0.0195 288.564 0.7435 44.5716 0.999 120.593 2000
0.08 0.057 0.257 0.105709 0.0265 311.038 0.743 43.3089 0.9985 116.306 2000
0.08 0.06 0.25 0.100445 0.0245 302.286 0.75 47.1113 0.9985 116.366 2000
0.1 0 0.5505 0.5505 0.5505 363.98 0.4495 5.61958 1 202.897 2000
0.1 0.003 0.543 0.477746 0.409 409.056 0.457 9.02845 0.999 220.565 2000
0.1 0.006 0.544 0.439054 0.3105 455.264 0.456 10.9485 0.993 241.916 2000
0.1 0.009 0.5225 0.369104 0.2015 467.062 0.4775 18.6314 0.9885 238.535 2000
0.1 0.012 0.5275 0.341627 0.156 486.869 0.4725 21.7746 0.9845 251.867 2000
0.1 0.015 0.499 0.309577 0.1145 475.655 0.501 20.8473 0.9735 234.023 2000
0.1 0.018 0.4865 0.277152 0.092 467.701 0.5135 26.2843 0.976 234.376 2000
0.1 0.021 0.4775 0.263697 0.078 441.724 0.5225 26.9512 0.9805 228.981 2000
0.1 0.024 0.45 0.238175 0.0675 400.667 0.55 31.8727 0.9845 215.125 2000
0.1 0.027 0.4195 0.218711 0.058 421.595 0.5805 40.1094 0.9875 204.779 2000
0.1 0.03 0.428 0.213275 0.0615 358.951 0.572 39.3776 0.989 195.077 2000
0.1 0.033 0.4095 0.199901 0.0555 364.486 0.5905 38.8493 0.9935 187.256 2000
0.1 0.036 0.4185 0.196898 0.04 367.913 0.5815 39.6784 0.9945 185.99 2000
0.1 0.039 0.377 0.175926 0.044 337.432 0.623 44.0048 0.9975 169.022 2000
0.1 0.042 0.3815 0.17954 0.0515 319.107 0.6185 44.0946 0.998 164.782 2000
0.1 0.045 0.3595 0.164472 0.0445 307.404 0.6405 42.6854 0.9975 154.008 2000
0.1 0.048 0.346 0.160676 0.0415 307.157 0.654 42.643 0.9985 148.033 2000
0.1 0.051 0.334 0.152695 0.0365 302.452 0.666 43.2748 0.9985 140.703 2000
0.1 0.054 0.3225 0.146523 0.0395 299.139 0.6775 44.893 0.9995 133.411 2000
0.1 0.057 0.3085 0.131153 0.034 322.25 0.6915 45.1063 0.999 123.649 2000
0.1 0.06 0.3015 0.135613 0.0435 303.161 0.6985 46.204 0.9995 125.896 2000
