0.999013
0.998027
0.997043
0.996061
0.995079
0.994098
0.993119
0.992141
0.991163
0.990187
0.989211
0.988234
0.98726
0.986285
0.985311
0.984338
0.983364
0.982392
0.981421
0.980451
0.979483
0.978516
0.977549
0.976583
0.975619
0.974657
0.973694
0.972732
0.971771
0.970811
0.969851
0.968892
0.967933
0.966974
0.966017
0.965061
0.964107
0.963153
0.9622
0.961248
0.960296
0.959344
0.958395
0.957447
0.956499
0.955554
0.95461
0.953666
0.952724
0.951782
0.950841
0.9499
0.948962
0.948024
0.947086
0.946149
0.945211
0.944273
0.943337
0.942401
0.941464
0.940529
0.939595
0.938662
0.93773
0.936799
0.935869
0.93494
0.934012
0.933085
0.93216
0.931235
0.93031
0.929387
0.928464
0.927542
0.926621
0.9257
0.924779
0.923859
0.92294
0.922022
0.921105
0.920189
0.919273
0.918358
0.917445
0.916532
0.915621
0.914711
0.913801
0.912893
0.911985
0.911078
0.910172
0.909267
0.908364
0.907461
0.906559
0.905658
0.904759
0.903861
0.902964
0.902069
0.901175
0.90028
0.899386
0.898493
0.897602
0.896713
0.895826
0.89494
0.894056
0.893172
0.89229
0.891409
0.890529
0.889649
0.888771
0.887894
0.887018
0.886143
0.88527
0.884396
0.883524
0.882653
0.881782
0.880912
0.880044
0.879176
0.87831
0.877444
0.876579
0.875715
0.874852
0.87399
0.873128
0.872267
0.871407
0.870547
0.869688
0.868829
0.867971
0.867114
0.866258
0.865402
0.864548
0.863693
0.86284
0.861987
0.861135
0.860283
0.859432
0.858582
0.857733
0.856886
0.85604
0.855194
0.85435
0.853507
0.852664
0.851822
0.85098
0.850139
0.8493
0.848461
0.847624
0.846787
0.84595
0.845114
0.844279
0.843444
0.842611
0.84178
0.840949
0.840119
0.839289
0.838461
0.837633
0.836805
0.835979
0.835155
0.834331
0.833508
0.832686
0.831863
0.831042
0.830223
0.829405
0.828588
0.827772
0.826957
0.826143
0.825329
0.824516
0.823703
0.822891
0.822079
0.821268
0.820459
0.81965
0.818842
0.818034
0.817227
0.81642
0.815613
0.814807
0.814001
0.813196
0.812392
0.811589
0.810786
0.809985
0.809183
0.808383
0.807584
0.806785
0.805987
0.80519
0.804394
0.8036
0.802806
0.802013
0.801221
0.800431
0.799641
0.798851
0.798061
0.797272
0.796484
0.795696
0.79491
0.794122
0.793336
0.79255
0.791764
0.79098
0.790197
0.789414
0.788631
0.78785
0.787068
0.786288
0.785509
0.784732
0.783955
0.783179
0.782406
0.781634
0.780864
0.780094
0.779324
0.778555
0.777787
0.77702
0.776255
0.77549
0.774725
0.773961
0.773199
0.772436
0.771674
0.770911
0.770151
0.769391
0.768631
0.767872
0.767113
0.766355
0.765599
0.764843
0.764087
0.763333
0.76258
0.761827
0.761075
0.760325
0.759577
0.75883
0.758084
0.757339
0.756595
0.755853
0.755112
0.754371
0.753632
0.752893
0.752155
0.751418
0.750681
0.749945
0.749212
0.748478
0.747744
0.747012
0.74628
0.745549
0.744819
0.744089
0.74336
0.742632
0.741905
0.741178
0.740452
0.739726
0.739002
0.738278
0.737555
0.736833
0.736112
0.735391
0.73467
0.73395
0.73323
0.73251
0.73179
0.731071
0.730352
0.729633
0.728915
0.728198
0.727481
0.726765
0.72605
0.725335
0.724621
0.723907
0.723194
0.722481
0.721769
0.721057
0.720346
0.719636
0.718925
0.718215
0.717505
0.716797
0.716089
0.715382
0.714675
0.713969
0.713263
0.712558
0.711855
0.711153
0.710452
0.709751
0.709051
0.708352
0.707654
0.706955
0.706257
0.70556
0.704863
0.704167
0.70347
0.702773
0.702076
0.70138
0.700685
0.69999
0.699296
0.698603
0.69791
0.697218
0.696528
0.695838
0.695149
0.69446
0.693772
0.693085
0.692399
0.691713
0.691029
0.690346
0.689664
0.688981
0.6883
0.687618
0.686938
0.686258
0.68558
0.684902
0.684225
0.68355
0.682875
0.6822
0.681527
0.680855
0.680184
0.679514
0.678844
0.678174
0.677505
0.676837
0.676171
0.675506
0.674841
0.674177
0.673514
0.672851
0.67219
0.671528
0.670866
0.670204
0.669543
0.668882
0.668223
0.667564
0.666906
0.666248
0.665592
0.664936
0.66428
0.663626
0.662973
0.66232
0.66167
0.66102
0.660371
0.659722
0.659073
0.658425
0.657778
0.657131
0.656484
0.655839
0.655193
0.654548
0.653904
0.65326
0.652617
0.651973
0.65133
0.650688
0.650047
0.649406
0.648766
0.648126
0.647488
0.646851
0.646214
0.645578
0.644942
0.644308
0.643674
0.64304
0.642407
0.641775
0.641143
0.640513
0.639882
0.639253
0.638626
0.638
0.637375
0.63675
0.636127
0.635505
0.634883
0.634262
0.633641
0.633021
0.6324
0.631779
0.63116
0.63054
0.629921
0.629302
0.628685
0.628069
0.627454
0.626841
0.626227
0.625615
0.625002
0.624391
0.623779
0.623169
0.622559
0.621949
0.62134
0.62073
0.620119
0.619508
0.618897
0.618286
0.617676
0.617066
0.616457
0.615848
0.61524
0.614633
0.614026
0.61342
0.612815
0.612209
0.611605
0.611002
0.610399
0.609795
0.609192
0.60859
0.607989
0.60739
0.606792
0.606195
0.605599
0.605004
0.604409
0.603816
0.603223
0.602631
0.60204
0.60145
0.60086
0.600271
0.599683
0.599096
0.59851
0.597924
0.597338
0.596754
0.59617
0.595586
0.595002
0.594419
0.593835
0.593252
0.592669
0.592087
0.591506
0.590925
0.590344
0.589764
0.589185
0.588606
0.588027
0.58745
0.586874
0.586298
0.585724
0.585149
0.584574
0.584
0.583427
0.582856
0.582284
0.581713
0.581142
0.580572
0.580001
0.579431
0.578862
0.578295
0.577729
0.577161
0.576594
0.576028
0.575462
0.574896
0.574331
0.573766
0.573204
0.572641
0.57208
0.571519
0.57096
0.570403
0.569846
0.569289
0.568733
0.568178
0.567623
0.56707
0.566517
0.565966
0.565415
0.564865
0.564316
0.563768
0.56322
0.562672
0.562125
0.561579
0.561033
0.560488
0.559943
0.559397
0.558853
0.55831
0.557767
0.557225
0.556684
0.556143
0.555602
0.555062
0.554522
0.553983
0.553445
0.552906
0.552368
0.551831
0.551294
0.550757
0.55022
0.549683
0.549148
0.548613
0.548079
0.547546
0.547013
0.54648
0.545948
0.545416
0.544884
0.544353
0.543823
0.543293
0.542763
0.542235
0.541708
0.541181
0.540654
0.540128
0.539602
0.539077
0.538553
0.53803
0.537506
0.536983
0.536462
0.535941
0.53542
0.534899
0.534379
0.53386
0.533341
0.532822
0.532303
0.531784
0.531265
0.530747
0.530231
0.529713
0.529196
0.52868
0.528164
0.52765
0.527136
0.526623
0.526111
0.5256
0.525089
0.524578
0.524069
0.523561
0.523052
0.522544
0.522037
0.521531
0.521025
0.520519
0.520013
0.519508
0.519003
0.518499
0.517996
0.517493
0.516991
0.516489
0.515987
0.515485
0.514982
0.51448
0.513978
0.513478
0.512978
0.512478
0.511978
0.511478
0.510979
0.51048
0.509982
0.509484
0.508987
0.508489
0.507991
0.507494
0.506998
0.506502
0.506007
0.505512
0.505018
0.504524
0.504031
0.50354
0.503049
0.502559
0.502069
0.50158
0.501091
0.500603
0.500115
0.499627
0.49914
0.498653
0.498167
0.49768
0.497194
0.496709
0.496223
0.495738
0.495251
0.494767
0.494283
0.493799
0.493316
0.492833
0.492352
0.49187
0.491388
0.490906
0.490425
0.489944
0.489464
0.488984
0.488505
0.488027
0.48755
0.487073
0.486598
0.486124
0.485651
0.485178
0.484706
0.484234
0.483762
0.483291
0.482819
0.482347
0.481877
0.481407
0.480938
0.480468
0.48
0.479531
0.479063
0.478595
0.478127
0.47766
0.477193
0.476726
0.47626
0.475793
0.475326
0.47486
0.474392
0.473925
0.473461
0.472996
0.472531
0.472067
0.471605
0.471144
0.470683
0.470222
0.469761
0.4693
0.468839
0.468379
0.467919
0.467459
0.467
0.466542
0.466085
0.465629
0.465174
0.464719
0.464265
0.463811
0.463358
0.462907
0.462457
0.462007
0.461559
0.461111
0.460663
0.460214
0.459765
0.459317
0.45887
0.458423
0.457976
0.457531
0.457086
0.456639
0.456193
0.455748
0.455303
0.45486
0.454417
0.453974
0.453533
0.453092
0.452652
0.452212
0.451771
0.451329
0.450887
0.450447
0.450007
0.449566
0.449126
0.448687
0.448248
0.447809
0.44737
0.446931
0.446492
0.446054
0.445615
0.445177
0.44474
0.444304
0.443867
0.443431
0.442995
0.44256
0.442126
0.441693
0.441261
0.440829
0.440398
0.439966
0.439535
0.439105
0.438675
0.438244
0.437815
0.437387
0.436959
0.436532
0.436107
0.435681
0.435255
0.434829
0.434404
0.433978
0.433553
0.433128
0.432704
0.432281
0.431858
0.431435
0.431013
0.430592
0.430172
0.429752
0.429333
0.428915
0.428496
0.428079
0.42766
0.427242
0.426825
0.426408
0.425992
0.425577
0.425164
0.424752
0.424339
0.423928
0.423516
0.423104
0.422693
0.422281
0.421869
0.421457
0.421046
0.420636
0.420225
0.419816
0.419407
0.419
0.418592
0.418184
0.417775
0.417368
0.416962
0.416556
0.416153
0.415749
0.415345
0.41494
0.414536
0.414132
0.413728
0.413325
0.412922
0.412519
0.412117
0.411715
0.411314
0.410913
0.410512
0.410112
0.409713
0.409312
0.408912
0.408512
0.408113
0.407714
0.407316
0.406918
0.40652
0.406122
0.405724
0.405328
0.404931
0.404535
0.40414
0.403745
0.403351
0.402957
0.402564
0.402171
0.401778
0.401385
0.400993
0.400602
0.400211
0.399821
0.399432
0.399042
0.398652
0.398262
0.397871
0.397481
0.397093
0.396705
0.396316
0.395927
0.395538
0.395151
0.394763
0.394376
0.39399
0.393604
0.393218
0.392834
0.39245
0.392067
0.391685
0.391303
0.390922
0.39054
0.390161
0.389782
0.389402
0.389023
0.388646
0.388269
0.38789
0.387512
0.387134
0.386757
0.386381
0.386005
0.385629
0.385253
0.384878
0.384504
0.38413
0.383758
0.383385
0.383014
0.382644
0.382275
0.381906
0.381537
0.381169
0.3808
0.380432
0.380066
0.379698
0.379332
0.378968
0.378605
0.378244
0.377882
0.377519
0.377156
0.376792
0.376428
0.376065
0.375702
0.375339
0.374978
0.374616
