0.998247
0.996498
0.99475
0.993004
0.991262
0.989524
0.987789
0.986058
0.984329
0.982603
0.98088
0.979161
0.977442
0.975727
0.974015
0.972306
0.970598
0.968892
0.967187
0.965484
0.963784
0.962088
0.960394
0.958704
0.957016
0.955331
0.95365
0.951972
0.950299
0.948628
0.94696
0.945293
0.94363
0.941969
0.940309
0.938652
0.936999
0.935347
0.9337
0.932055
0.930412
0.92877
0.927132
0.925497
0.923865
0.922235
0.920608
0.918985
0.917365
0.915748
0.914131
0.912518
0.910906
0.909296
0.907689
0.906085
0.904483
0.902884
0.901288
0.899697
0.898108
0.896521
0.894936
0.893354
0.891775
0.890197
0.888625
0.887055
0.885487
0.883923
0.882361
0.880804
0.87925
0.877699
0.876149
0.874601
0.873054
0.87151
0.869969
0.86843
0.866892
0.865356
0.863823
0.862292
0.860763
0.859236
0.857712
0.856191
0.854673
0.853159
0.851647
0.850139
0.848632
0.84713
0.845629
0.844132
0.842637
0.841142
0.839651
0.838163
0.836678
0.835196
0.833718
0.832242
0.830768
0.829297
0.827829
0.826363
0.824899
0.823439
0.821982
0.820528
0.819075
0.817625
0.816177
0.814731
0.813287
0.811847
0.810412
0.808978
0.807546
0.806115
0.804687
0.803261
0.801837
0.800417
0.799
0.797585
0.796173
0.794762
0.793356
0.791951
0.79055
0.789151
0.787755
0.786361
0.784971
0.783582
0.782198
0.780816
0.779438
0.778063
0.77669
0.77532
0.773952
0.772587
0.771224
0.769866
0.768511
0.767158
0.765807
0.764459
0.763113
0.76177
0.760429
0.759093
0.757759
0.756429
0.755102
0.75378
0.752459
0.75114
0.749823
0.748507
0.747194
0.745882
0.744573
0.743266
0.741963
0.740663
0.739364
0.738069
0.736776
0.735487
0.734201
0.732917
0.731635
0.730353
0.729074
0.727798
0.726525
0.725255
0.723987
0.722723
0.721463
0.720205
0.718949
0.717695
0.716444
0.715196
0.71395
0.712706
0.711465
0.710227
0.708989
0.707754
0.706521
0.705288
0.704058
0.702829
0.701602
0.700377
0.699154
0.697934
0.696716
0.6955
0.694287
0.693076
0.691866
0.690661
0.689457
0.688255
0.687055
0.685858
0.684663
0.683469
0.682277
0.681087
0.679899
0.678714
0.677531
0.676351
0.675173
0.673997
0.672824
0.671652
0.670485
0.669319
0.668155
0.666994
0.665834
0.664677
0.663522
0.662369
0.661219
0.660072
0.658928
0.657785
0.656644
0.655504
0.654367
0.653233
0.652101
0.650972
0.649846
0.64872
0.647596
0.646474
0.645356
0.644239
0.643124
0.64201
0.640897
0.639787
0.638677
0.63757
0.636463
0.635358
0.634256
0.633158
0.632058
0.630959
0.629862
0.628765
0.627671
0.626578
0.625486
0.624397
0.623309
0.622223
0.62114
0.620058
0.61898
0.617905
0.616833
0.615761
0.614691
0.613622
0.612553
0.611487
0.610422
0.609359
0.608297
0.607235
0.606177
0.605121
0.604066
0.603013
0.601961
0.600913
0.599865
0.598818
0.597773
0.596728
0.595686
0.594646
0.593608
0.592571
0.591536
0.590502
0.589469
0.588439
0.587411
0.586386
0.585365
0.584343
0.583324
0.582306
0.581287
0.58027
0.579254
0.57824
0.577228
0.576219
0.575212
0.574207
0.573206
0.572207
0.571209
0.570215
0.569221
0.568228
0.567237
0.566249
0.565262
0.564276
0.563293
0.562311
0.561332
0.560353
0.559377
0.558403
0.557431
0.556459
0.55549
0.554522
0.553555
0.552589
0.551624
0.550662
0.549703
0.548744
0.547789
0.546836
0.545885
0.544936
0.54399
0.543044
0.5421
0.541156
0.540213
0.539272
0.53833
0.537392
0.536455
0.535521
0.534589
0.533659
0.53273
0.531805
0.530881
0.529958
0.529037
0.528117
0.527198
0.526279
0.525363
0.52445
0.523538
0.522627
0.521719
0.520809
0.5199
0.518994
0.518092
0.517192
0.516296
0.5154
0.514506
0.513614
0.512724
0.511834
0.510946
0.510059
0.509172
0.508286
0.5074
0.506515
0.50563
0.504748
0.503868
0.50299
0.502115
0.501243
0.500373
0.499504
0.498637
0.497771
0.496905
0.49604
0.495177
0.494315
0.493454
0.492594
0.491736
0.49088
0.490025
0.489172
0.48832
0.487471
0.486625
0.485781
0.484941
0.484101
0.483263
0.482426
0.48159
0.480757
0.479925
0.479095
0.478268
0.477443
0.47662
0.475799
0.47498
0.474163
0.473348
0.472533
0.471718
0.470905
0.470093
0.469284
0.468478
0.467672
0.466867
0.466062
0.46526
0.464458
0.463656
0.462856
0.462057
0.46126
0.460465
0.459671
0.458878
0.458087
0.457295
0.456506
0.455717
0.45493
0.454146
0.453363
0.452583
0.451802
0.451023
0.450245
0.449469
0.448694
0.44792
0.447148
0.446377
0.445607
0.444838
0.444068
0.4433
0.442533
0.441767
0.441004
0.440243
0.439483
0.438723
0.437964
0.437207
0.436453
0.435701
0.434949
0.434199
0.433452
0.432707
0.431963
0.43122
0.430476
0.429733
0.428992
0.428252
0.427512
0.426774
0.426036
0.4253
0.424566
0.423834
0.423102
0.422372
0.421643
0.420916
0.42019
0.419465
0.41874
0.418016
0.417291
0.416567
0.415845
0.415124
0.414405
0.413687
0.41297
0.41225
0.411532
0.410815
0.410099
0.409385
0.408671
0.407958
0.407247
0.406536
0.405827
0.405117
0.40441
0.403703
0.402999
0.402297
0.401597
0.400899
0.400202
0.399506
0.398814
0.398123
0.397432
0.396743
0.396054
0.395368
0.394683
0.394
0.393318
0.392636
0.391954
0.391273
0.390594
0.389914
0.389235
0.388558
0.387881
0.387206
0.386533
0.385859
0.385185
0.384513
0.383841
0.38317
0.3825
0.381831
0.381163
0.380497
0.379832
0.379167
0.378499
0.377832
0.377166
0.376503
0.375842
0.375183
0.374525
0.373867
0.373212
0.372559
0.371906
0.371257
0.370609
0.369961
0.369315
0.368668
0.368025
0.367383
0.366743
0.366103
0.365466
0.364829
0.364194
0.363558
0.362922
0.362285
0.36165
0.361015
0.36038
0.359745
0.359111
0.358479
0.35785
0.357221
0.356593
0.355966
0.355339
0.354715
0.354091
0.353469
0.352847
0.352225
0.351605
0.350986
0.350368
0.349751
0.349133
0.348517
0.3479
0.347285
0.346669
0.346054
0.34544
0.344829
0.34422
0.343613
0.343008
0.342406
0.341805
0.341205
0.340605
0.340004
0.339404
0.338804
0.338205
0.337607
0.33701
0.336413
0.335818
0.335222
0.334629
0.334035
0.333442
0.332849
0.332258
0.331667
0.331079
0.330491
0.329904
0.329318
0.328734
0.32815
0.327568
0.326987
0.326408
0.325829
0.325253
0.324677
0.3241
0.323525
0.32295
0.322377
0.321806
0.321235
0.320665
0.320096
0.319528
0.318962
0.318396
0.317831
0.317267
0.316703
0.316141
0.315579
0.315019
0.314459
0.3139
0.313341
0.312784
0.312228
0.311673
0.31112
0.310569
0.310019
0.309469
0.30892
0.308373
0.307826
0.307279
0.306732
0.306186
0.305642
0.305096
0.304553
0.304011
0.303472
0.302933
0.302395
0.301858
0.301323
0.300791
0.300258
0.299728
0.2992
0.298672
0.298146
0.297619
0.297094
0.29657
0.296046
0.295523
0.295
0.294477
0.293955
0.293436
0.292916
0.292395
0.291875
0.291357
0.290839
0.290322
0.289805
0.289288
0.288772
0.288256
0.287742
0.287226
0.286711
0.286197
0.285683
0.28517
0.284659
0.28415
0.283644
0.28314
0.282637
0.282132
0.281628
0.281124
0.280621
0.28012
0.279622
0.279126
0.278632
0.27814
0.27765
0.277162
0.276674
0.276187
0.275702
0.275218
0.274734
0.274253
0.273773
0.273295
0.272818
0.272341
0.271866
0.27139
0.270916
0.270442
0.26997
0.2695
0.269031
0.268565
0.268099
0.267635
0.267174
0.266714
0.266257
0.265802
0.265346
0.264891
0.264436
0.263984
0.263533
0.263085
0.262637
0.26219
0.261745
0.261302
0.260861
0.260419
0.259979
0.259539
0.259102
0.258666
0.25823
0.257793
0.257357
0.256921
0.256485
0.256049
0.255616
0.255184
0.25475
0.254317
0.253884
0.253452
0.25302
0.25259
0.252162
0.251733
0.251305
0.250877
0.250449
0.250021
0.249593
0.249166
0.248739
0.248312
0.247887
0.247464
0.247042
0.246621
0.246199
0.245778
0.245355
0.244934
0.244514
0.244096
0.243677
0.24326
0.242844
0.242429
0.242015
0.241601
0.241188
0.240775
0.240364
0.239953
0.239542
0.239131
0.23872
0.238311
0.237902
0.237494
0.237087
0.236682
0.23628
0.235878
0.235477
0.235075
0.234676
0.234277
0.233878
0.23348
0.233082
0.232684
0.232285
0.231887
0.23149
0.231095
0.230702
0.230311
0.22992
0.229532
0.229145
0.228757
0.228368
0.227979
0.227588
0.227196
0.226806
0.226414
0.226024
0.225633
0.225245
0.224858
0.224471
0.224085
0.223701
0.223319
0.222938
0.222557
0.222178
0.2218
0.221423
0.221046
0.22067
0.220297
0.219923
0.219549
0.219176
0.218803
0.218428
0.218054
0.217681
0.217308
0.216934
0.21656
0.216187
0.215816
0.215447
0.215078
0.21471
0.214343
0.213977
0.213612
0.213246
0.21288
0.212515
0.21215
0.211783
0.211418
0.211053
0.210689
0.210327
0.209967
0.209607
0.209247
0.208888
0.208528
0.208168
0.20781
0.207453
0.207098
0.206743
0.206391
0.206038
0.205688
0.205338
0.20499
0.204643
0.204296
0.20395
0.203606
0.203261
0.202917
0.202573
0.202231
0.201888
0.201544
0.201202
0.200859
0.200517
0.200176
0.199835
0.199496
0.199157
0.198817
0.198477
0.198136
0.197799
0.197466
0.197134
0.196801
0.196472
0.196142
0.195812
0.195482
0.195154
0.194824
0.194495
0.194168
0.19384
0.193515
0.193192
0.192871
0.192551
0.192231
0.191912
0.191595
0.191275
0.190957
0.190639
0.190324
0.190008
0.189692
0.189376
0.189059
0.188741
0.188425
0.188111
0.187798
0.187485
0.187174
0.186864
0.186555
0.186247
0.185941
0.185636
0.185332
0.185027
0.18472
0.184415
0.18411
0.183806
0.183502
0.1832
0.182897
0.182594
0.18229
0.181986
0.181683
0.18138
0.181077
0.180775
0.180472
0.18017
0.179868
0.179566
0.179263
0.178959
0.178654
0.178351
0.178047
0.177748
0.177451
0.177154
0.176859
0.176563
0.176266
0.175969
0.175671
